17 6 4
-0.57650000 0.57090000 0.38903837 -0.68270000 0.74440000 0.35305796
-1 -1 -1 1
-0.90180000 0.71280000 0.37997761 -0.87740000 0.98400000 0.42410288
-1 -1 -1 1
-0.99910000 0.73350000 0.38078318 -0.83750000 0.98890000 0.38337917
-1 -1 -1 1
-0.72250000 0.66170000 0.38061123 -0.78030000 0.94190000 0.38300238
-1 -1 -1 1
-0.87650000 0.84150000 0.38874645 -0.88550000 0.98790000 0.38615799
-1 -1 -1 1
-0.99980000 0.76970000 0.38823557 -0.87010000 0.99530000 0.38736877
-1 -1 -1 1
-0.79910000 0.65170000 0.39621477 -0.81660000 0.98770000 0.39846525
-1 -1 -1 1
-0.58200000 0.70310000 0.38816605 -0.85290000 0.99330000 0.38684082
-1 -1 -1 1
-0.55910000 0.76590000 0.39719553 -0.80920000 0.97760000 0.40417280
-1 -1 -1 1
-0.69510000 0.79190000 0.40383167 -0.82730000 0.96020000 0.39909554
-1 -1 -1 1
-0.71420000 0.77880000 0.38825235 -0.90980000 0.97840000 0.38716602
-1 -1 -1 1
-0.99980000 0.79390000 0.39652042 -0.90530000 0.97790000 0.39428282
-1 -1 -1 1
-0.98730000 0.76230000 0.38859158 -0.94850000 0.99650000 0.38763161
-1 -1 -1 1
-0.99240000 0.76140000 0.40447960 -0.93140000 0.98900000 0.39884834
-1 -1 -1 1
-0.82810000 0.76170000 0.39566202 -0.84240000 0.96970000 0.40334044
-1 -1 -1 1
-0.47560000 0.66590000 0.38845720 -0.93610000 0.99320000 0.38287563
-1 -1 -1 1
-0.50270000 0.63950000 0.39704075 -0.80560000 0.91470000 0.38303280
-1 -1 -1 1