16 6 4
-0.41720000 0.39720000 0.95160437 -0.46040000 0.76520000 0.49840202
-1 -1 1 -1
-0.61750000 0.50970000 0.46680279 -0.64960000 0.81650000 0.45206041
-1 -1 1 -1
-0.85790000 0.38490000 0.46862841 -0.66040000 0.82080000 0.50267525
-1 -1 1 -1
-0.76110000 0.37150000 0.48288565 -0.65840000 0.82450000 0.49334679
-1 -1 1 -1
-0.37250000 0.49860000 0.45985794 -0.65670000 0.77260000 0.46986437
-1 -1 1 -1
-0.20670000 0.48350000 0.47542448 -0.67560000 0.85010000 0.46401043
-1 -1 1 -1
-0.52980000 0.43550000 0.94311552 -0.65940000 0.82350000 0.46975479
-1 -1 1 -1
-0.41390000 0.44740000 0.47544966 -0.68800000 0.84410000 0.46978922
-1 -1 1 -1
-0.72820000 0.43270000 0.50730362 -0.67400000 0.77800000 0.43191795
-1 -1 1 -1
-0.39130000 0.47800000 0.92742796 -0.64880000 0.82680000 0.49793797
-1 -1 1 -1
-0.78060000 0.33900000 0.47526484 -0.65950000 0.85970000 0.49010649
-1 -1 1 -1
-0.58590000 0.41540000 0.93500481 -0.66180000 0.91160000 0.45610514
-1 -1 1 -1
-0.82140000 0.44110000 0.47514353 -0.67180000 0.79460000 0.47404003
-1 -1 1 -1
-0.53880000 0.46210000 0.46720648 -0.67150000 0.77620000 0.51428595
-1 -1 1 -1
-0.64070000 0.42660000 0.46777916 -0.64500000 0.82090000 0.45202322
-1 -1 1 -1
-0.69540000 0.44840000 0.46774759 -0.66630000 0.87950000 0.46527481
-1 -1 1 -1