78 6 4
-0.30430000 0.12140000 1.00000000 -0.37800000 0.43910000 0.71223001
1 -1 -1 -1
-0.17680000 0.08700000 0.73611755 -0.42870000 0.48440000 0.66165199
1 -1 -1 -1
-0.23890000 0.09560000 0.90410004 -0.39150000 0.49620000 0.75327120
1 -1 -1 -1
-0.20380000 0.11510000 0.48322001 -0.43590000 0.57370000 0.72090006
1 -1 -1 -1
-0.26630000 0.10720000 0.84010639 -0.45610000 0.53030000 0.63397236
1 -1 -1 -1
-0.19250000 0.11760000 0.64898720 -0.41490000 0.51910000 0.63802357
1 -1 -1 -1
-0.32350000 0.11170000 1.00000000 -0.44560000 0.53270000 0.65827646
1 -1 -1 -1
-0.38940000 0.08540000 0.88683395 -0.43180000 0.50720000 0.63789082
1 -1 -1 -1
-0.17940000 0.07680000 0.50007038 -0.40660000 0.50560000 0.62523718
1 -1 -1 -1
-0.24010000 0.09760000 0.68941841 -0.43460000 0.52260000 0.68387842
1 -1 -1 -1
-0.24120000 0.12370000 0.68929682 -0.45810000 0.49390000 0.70304117
1 -1 -1 -1
-0.22930000 0.08380000 0.88776321 -0.42050000 0.51650000 0.66742516
1 -1 -1 -1
-0.20680000 0.11990000 0.48358040 -0.40750000 0.48310000 0.69511404
1 -1 -1 -1
-0.21400000 0.11120000 0.68123083 -0.41840000 0.50630000 0.69547319
1 -1 -1 -1
-0.24830000 0.10550000 0.63424959 -0.44350000 0.50650000 0.67914715
1 -1 -1 -1
-0.18970000 0.09550000 0.88829718 -0.45530000 0.48610000 0.67533722
1 -1 -1 -1
-0.22260000 0.09670000 0.43475676 -0.46600000 0.49620000 0.66652365
1 -1 -1 -1
-0.20290000 0.09820000 0.87188845 -0.45680000 0.48430000 0.72074442
1 -1 -1 -1
-0.28940000 0.11250000 0.64166317 -0.44740000 0.52410000 0.60907841
1 -1 -1 -1
-0.17590000 0.14100000 0.63448162 -0.46850000 0.49480000 0.69181471
1 -1 -1 -1
-0.23580000 0.11200000 1.00000000 -0.46800000 0.49270000 0.63347044
1 -1 -1 -1
-0.19930000 0.10560000 0.66555681 -0.48900000 0.49190000 0.66289043
1 -1 -1 -1
-0.20160000 0.09240000 0.43601599 -0.43870000 0.53140000 0.58419313
1 -1 -1 -1
-0.35760000 0.13550000 1.00000000 -0.46620000 0.52120000 0.63834925
1 -1 -1 -1
-0.22560000 0.19720000 0.58735886 -0.34630000 0.55150000 0.60930042
-1 1 -1 -1
-0.30120000 0.18380000 0.57029400 -0.49110000 0.63760000 0.54755602
-1 1 -1 -1
-0.30880000 0.18880000 0.57102518 -0.50600000 0.66890000 0.59218082
-1 1 -1 -1
-0.25380000 0.18000000 0.56186476 -0.50540000 0.59720000 0.53893318
-1 1 -1 -1
-0.32270000 0.18300000 0.56335001 -0.50740000 0.66000000 0.59293842
-1 1 -1 -1
-0.21250000 0.20540000 0.57081680 -0.49620000 0.65040000 0.58005238
-1 1 -1 -1
-0.32910000 0.18060000 0.55430756 -0.48750000 0.61190000 0.53133354
-1 1 -1 -1
-0.16610000 0.14300000 0.58665085 -0.47130000 0.62040000 0.57620487
-1 1 -1 -1
-0.25300000 0.15350000 0.57838278 -0.54640000 0.64510000 0.56854000
-1 1 -1 -1
-0.18300000 0.18730000 0.55438242 -0.55110000 0.67760000 0.62056837
-1 1 -1 -1
-0.34620000 0.16800000 0.53951998 -0.52120000 0.66210000 0.52779360
-1 1 -1 -1
-0.38490000 0.19070000 0.57813444 -0.50900000 0.64580000 0.55534000
-1 1 -1 -1
-0.20300000 0.20510000 1.00000000 -0.54680000 0.70920000 0.55102758
-1 1 -1 -1
-0.24700000 0.18450000 0.56263914 -0.57160000 0.63680000 0.55153923
-1 1 -1 -1
-0.28910000 0.19410000 0.57084484 -0.50690000 0.63660000 0.55657234
-1 1 -1 -1
-0.25540000 0.18480000 0.54675560 -0.47930000 0.56920000 0.62921600
-1 1 -1 -1
-0.46560000 0.17370000 1.00000000 -0.51750000 0.63520000 0.52241001
-1 1 -1 -1
-0.09950000 0.15970000 0.53083038 -0.49510000 0.59740000 0.55191364
-1 1 -1 -1
-0.20230000 0.19270000 1.00000000 -0.50060000 0.61290000 0.59715080
-1 1 -1 -1
-0.24560000 0.20880000 0.55473204 -0.50510000 0.61420000 0.51404963
-1 1 -1 -1
-0.23700000 0.20670000 0.56280794 -0.50580000 0.62960000 0.58022833
-1 1 -1 -1
-0.41720000 0.39720000 0.95160437 -0.46040000 0.76520000 0.49840202
-1 -1 1 -1
-0.61750000 0.50970000 0.46680279 -0.64960000 0.81650000 0.45206041
-1 -1 1 -1
-0.85790000 0.38490000 0.46862841 -0.66040000 0.82080000 0.50267525
-1 -1 1 -1
-0.76110000 0.37150000 0.48288565 -0.65840000 0.82450000 0.49334679
-1 -1 1 -1
-0.37250000 0.49860000 0.45985794 -0.65670000 0.77260000 0.46986437
-1 -1 1 -1
-0.20670000 0.48350000 0.47542448 -0.67560000 0.85010000 0.46401043
-1 -1 1 -1
-0.52980000 0.43550000 0.94311552 -0.65940000 0.82350000 0.46975479
-1 -1 1 -1
-0.41390000 0.44740000 0.47544966 -0.68800000 0.84410000 0.46978922
-1 -1 1 -1
-0.72820000 0.43270000 0.50730362 -0.67400000 0.77800000 0.43191795
-1 -1 1 -1
-0.39130000 0.47800000 0.92742796 -0.64880000 0.82680000 0.49793797
-1 -1 1 -1
-0.78060000 0.33900000 0.47526484 -0.65950000 0.85970000 0.49010649
-1 -1 1 -1
-0.58590000 0.41540000 0.93500481 -0.66180000 0.91160000 0.45610514
-1 -1 1 -1
-0.82140000 0.44110000 0.47514353 -0.67180000 0.79460000 0.47404003
-1 -1 1 -1
-0.53880000 0.46210000 0.46720648 -0.67150000 0.77620000 0.51428595
-1 -1 1 -1
-0.64070000 0.42660000 0.46777916 -0.64500000 0.82090000 0.45202322
-1 -1 1 -1
-0.69540000 0.44840000 0.46774759 -0.66630000 0.87950000 0.46527481
-1 -1 1 -1
-0.57650000 0.57090000 0.38903837 -0.68270000 0.74440000 0.35305796
-1 -1 -1 1
-0.90180000 0.71280000 0.37997761 -0.87740000 0.98400000 0.42410288
-1 -1 -1 1
-0.99910000 0.73350000 0.38078318 -0.83750000 0.98890000 0.38337917
-1 -1 -1 1
-0.72250000 0.66170000 0.38061123 -0.78030000 0.94190000 0.38300238
-1 -1 -1 1
-0.87650000 0.84150000 0.38874645 -0.88550000 0.98790000 0.38615799
-1 -1 -1 1
-0.99980000 0.76970000 0.38823557 -0.87010000 0.99530000 0.38736877
-1 -1 -1 1
-0.79910000 0.65170000 0.39621477 -0.81660000 0.98770000 0.39846525
-1 -1 -1 1
-0.58200000 0.70310000 0.38816605 -0.85290000 0.99330000 0.38684082
-1 -1 -1 1
-0.55910000 0.76590000 0.39719553 -0.80920000 0.97760000 0.40417280
-1 -1 -1 1
-0.69510000 0.79190000 0.40383167 -0.82730000 0.96020000 0.39909554
-1 -1 -1 1
-0.71420000 0.77880000 0.38825235 -0.90980000 0.97840000 0.38716602
-1 -1 -1 1
-0.99980000 0.79390000 0.39652042 -0.90530000 0.97790000 0.39428282
-1 -1 -1 1
-0.98730000 0.76230000 0.38859158 -0.94850000 0.99650000 0.38763161
-1 -1 -1 1
-0.99240000 0.76140000 0.40447960 -0.93140000 0.98900000 0.39884834
-1 -1 -1 1
-0.82810000 0.76170000 0.39566202 -0.84240000 0.96970000 0.40334044
-1 -1 -1 1
-0.47560000 0.66590000 0.38845720 -0.93610000 0.99320000 0.38287563
-1 -1 -1 1
-0.50270000 0.63950000 0.39704075 -0.80560000 0.91470000 0.38303280
-1 -1 -1 1