21 6 4
-0.22560000 0.19720000 0.58735886 -0.34630000 0.55150000 0.60930042
-1 1 -1 -1
-0.30120000 0.18380000 0.57029400 -0.49110000 0.63760000 0.54755602
-1 1 -1 -1
-0.30880000 0.18880000 0.57102518 -0.50600000 0.66890000 0.59218082
-1 1 -1 -1
-0.25380000 0.18000000 0.56186476 -0.50540000 0.59720000 0.53893318
-1 1 -1 -1
-0.32270000 0.18300000 0.56335001 -0.50740000 0.66000000 0.59293842
-1 1 -1 -1
-0.21250000 0.20540000 0.57081680 -0.49620000 0.65040000 0.58005238
-1 1 -1 -1
-0.32910000 0.18060000 0.55430756 -0.48750000 0.61190000 0.53133354
-1 1 -1 -1
-0.16610000 0.14300000 0.58665085 -0.47130000 0.62040000 0.57620487
-1 1 -1 -1
-0.25300000 0.15350000 0.57838278 -0.54640000 0.64510000 0.56854000
-1 1 -1 -1
-0.18300000 0.18730000 0.55438242 -0.55110000 0.67760000 0.62056837
-1 1 -1 -1
-0.34620000 0.16800000 0.53951998 -0.52120000 0.66210000 0.52779360
-1 1 -1 -1
-0.38490000 0.19070000 0.57813444 -0.50900000 0.64580000 0.55534000
-1 1 -1 -1
-0.20300000 0.20510000 1.00000000 -0.54680000 0.70920000 0.55102758
-1 1 -1 -1
-0.24700000 0.18450000 0.56263914 -0.57160000 0.63680000 0.55153923
-1 1 -1 -1
-0.28910000 0.19410000 0.57084484 -0.50690000 0.63660000 0.55657234
-1 1 -1 -1
-0.25540000 0.18480000 0.54675560 -0.47930000 0.56920000 0.62921600
-1 1 -1 -1
-0.46560000 0.17370000 1.00000000 -0.51750000 0.63520000 0.52241001
-1 1 -1 -1
-0.09950000 0.15970000 0.53083038 -0.49510000 0.59740000 0.55191364
-1 1 -1 -1
-0.20230000 0.19270000 1.00000000 -0.50060000 0.61290000 0.59715080
-1 1 -1 -1
-0.24560000 0.20880000 0.55473204 -0.50510000 0.61420000 0.51404963
-1 1 -1 -1
-0.23700000 0.20670000 0.56280794 -0.50580000 0.62960000 0.58022833
-1 1 -1 -1