24 6 4
-0.30430000 0.12140000 1.00000000 -0.37800000 0.43910000 0.71223001
1 -1 -1 -1
-0.17680000 0.08700000 0.73611755 -0.42870000 0.48440000 0.66165199
1 -1 -1 -1
-0.23890000 0.09560000 0.90410004 -0.39150000 0.49620000 0.75327120
1 -1 -1 -1
-0.20380000 0.11510000 0.48322001 -0.43590000 0.57370000 0.72090006
1 -1 -1 -1
-0.26630000 0.10720000 0.84010639 -0.45610000 0.53030000 0.63397236
1 -1 -1 -1
-0.19250000 0.11760000 0.64898720 -0.41490000 0.51910000 0.63802357
1 -1 -1 -1
-0.32350000 0.11170000 1.00000000 -0.44560000 0.53270000 0.65827646
1 -1 -1 -1
-0.38940000 0.08540000 0.88683395 -0.43180000 0.50720000 0.63789082
1 -1 -1 -1
-0.17940000 0.07680000 0.50007038 -0.40660000 0.50560000 0.62523718
1 -1 -1 -1
-0.24010000 0.09760000 0.68941841 -0.43460000 0.52260000 0.68387842
1 -1 -1 -1
-0.24120000 0.12370000 0.68929682 -0.45810000 0.49390000 0.70304117
1 -1 -1 -1
-0.22930000 0.08380000 0.88776321 -0.42050000 0.51650000 0.66742516
1 -1 -1 -1
-0.20680000 0.11990000 0.48358040 -0.40750000 0.48310000 0.69511404
1 -1 -1 -1
-0.21400000 0.11120000 0.68123083 -0.41840000 0.50630000 0.69547319
1 -1 -1 -1
-0.24830000 0.10550000 0.63424959 -0.44350000 0.50650000 0.67914715
1 -1 -1 -1
-0.18970000 0.09550000 0.88829718 -0.45530000 0.48610000 0.67533722
1 -1 -1 -1
-0.22260000 0.09670000 0.43475676 -0.46600000 0.49620000 0.66652365
1 -1 -1 -1
-0.20290000 0.09820000 0.87188845 -0.45680000 0.48430000 0.72074442
1 -1 -1 -1
-0.28940000 0.11250000 0.64166317 -0.44740000 0.52410000 0.60907841
1 -1 -1 -1
-0.17590000 0.14100000 0.63448162 -0.46850000 0.49480000 0.69181471
1 -1 -1 -1
-0.23580000 0.11200000 1.00000000 -0.46800000 0.49270000 0.63347044
1 -1 -1 -1
-0.19930000 0.10560000 0.66555681 -0.48900000 0.49190000 0.66289043
1 -1 -1 -1
-0.20160000 0.09240000 0.43601599 -0.43870000 0.53140000 0.58419313
1 -1 -1 -1
-0.35760000 0.13550000 1.00000000 -0.46620000 0.52120000 0.63834925
1 -1 -1 -1