25 34 7
-0.22822500 0.09105000 1.00000000 -0.28350000 0.32932500 0.71223001 -0.28335000 0.26227500 -0.02102766 0.16954291 -0.00615000 0.06052500 0.00978516 0.01509435 -0.00172500 0.34612500 0.06341063 0.08574350 -0.31567500 0.36330000 -0.07427859 0.23243496 -0.22822500 0.09105000 -0.00259801 0.05383439 -0.01537500 0.00352500 -0.00621028 0.00469623 -0.05782500 0.08580000 0.01214685 0.02811198
1 -1 -1 -1 -1 -1 -1
-0.13260000 0.06525000 0.73611755 -0.32152500 0.36330000 0.66165199 -0.31995000 0.24870000 -0.04883356 0.19387635 -0.01117500 0.10770000 0.01530302 0.02941382 0.00457500 0.08295000 0.01689463 0.01793741 -0.29362500 0.37215000 0.06004027 0.22654185 -0.13260000 0.05152500 0.00101721 0.04132377 -0.01110000 0.00202500 -0.00581307 0.00362526 -0.03180000 0.06525000 0.00636859 0.02452381
1 -1 -1 -1 -1 -1 -1
-0.17917500 0.07170000 0.90410004 -0.29362500 0.37215000 0.75327120 -0.29085000 0.02745000 -0.16826849 0.11849035 -0.00330000 0.25470000 0.06514216 0.07470222 -0.00855000 0.05550000 0.00938077 0.01763145 -0.32692500 0.43027500 0.03307722 0.24821986 -0.17917500 0.05377500 -0.00365277 0.04458912 -0.01102500 0.02587500 -0.00464369 0.00715443 -0.05790000 0.07170000 0.00569867 0.03419253
1 -1 -1 -1 -1 -1 -1
-0.15285000 0.08632500 0.48322001 -0.32692500 0.43027500 0.72090006 -0.32032500 0.21742500 -0.11665000 0.17500036 -0.00105000 0.20317500 0.04285370 0.05630748 -0.00840000 0.16020000 0.02734676 0.04438397 -0.34207500 0.39772500 -0.02484028 0.28299068 -0.15285000 0.05190000 0.00320243 0.04710911 -0.01312500 0.00127500 -0.00380000 0.00305326 -0.04215000 0.04987500 0.00466806 0.02629241
1 -1 -1 -1 -1 -1 -1
-0.19972500 0.08040000 0.84010639 -0.34207500 0.39772500 0.63397236 -0.34020000 0.28005000 -0.05390297 0.21156791 -0.00412500 0.11497500 0.01155577 0.02468960 0.00480000 0.12727500 0.02493619 0.03154031 -0.31117500 0.38932500 0.01786888 0.26089884 -0.19972500 0.08632500 0.01252263 0.05966401 -0.00735000 0.00472500 -0.00289618 0.00352286 -0.05347500 0.08040000 0.00299724 0.03065208
1 -1 -1 -1 -1 -1 -1
-0.14437500 0.08820000 0.64898720 -0.31117500 0.38932500 0.63802357 -0.30832500 0.25807500 -0.12591719 0.19553213 -0.00585000 0.22297500 0.03173333 0.06071952 0.00300000 0.06727500 0.01667917 0.01217995 -0.33420000 0.39952500 0.07441979 0.23985600 -0.14437500 0.07312500 0.01198906 0.04582746 -0.01950000 -0.00097500 -0.01029727 0.00398732 -0.06322500 0.05235000 -0.00395781 0.02510745
1 -1 -1 -1 -1 -1 -1
-0.24262500 0.08377500 1.00000000 -0.33420000 0.39952500 0.65827646 -0.33345000 0.15390000 -0.18028885 0.15730843 -0.01110000 0.26850000 0.05477078 0.07689948 0.00202500 0.10485000 0.01697939 0.02277784 -0.32385000 0.38040000 0.04984459 0.24642097 -0.24262500 0.08820000 0.01650871 0.06064093 -0.01192500 0.00652500 -0.00623977 0.00352024 -0.04867500 0.04425000 -0.00190076 0.02301043
1 -1 -1 -1 -1 -1 -1
-0.29205000 0.06405000 0.88683395 -0.32385000 0.38040000 0.63789082 -0.32265000 0.29362500 -0.14974479 0.20355487 -0.00135000 0.23850000 0.04461563 0.06581719 0.00180000 0.17115000 0.03713594 0.04337625 -0.30495000 0.37920000 -0.00983229 0.25867783 -0.29205000 0.09615000 0.01392617 0.06721202 -0.01087500 0.00247500 -0.00519688 0.00348568 -0.04702500 0.07567500 0.00114531 0.02910463
1 -1 -1 -1 -1 -1 -1
-0.13455000 0.05760000 0.50007038 -0.30495000 0.37920000 0.62523718 -0.30480000 0.22020000 -0.11430479 0.15966651 -0.00667500 0.20197500 0.03969096 0.05823953 -0.00330000 0.08047500 0.01754096 0.01885052 -0.32595000 0.39195000 0.06268457 0.23860690 -0.13455000 0.07290000 0.01611582 0.04969545 -0.00862500 0.00165000 -0.00605186 0.00238468 -0.04507500 0.06405000 -0.00117965 0.02799601
1 -1 -1 -1 -1 -1 -1
-0.18007500 0.07320000 0.68941841 -0.32595000 0.39195000 0.68387842 -0.32197500 0.05707500 -0.17317987 0.12418259 -0.00352500 0.22665000 0.06478734 0.06810154 -0.00450000 0.05542500 0.01060714 0.01166805 -0.34357500 0.37042500 0.04241055 0.23986760 -0.18007500 0.05100000 0.00067024 0.05292396 -0.01095000 0.00960000 -0.00431671 0.00421250 -0.03802500 0.04680000 -0.00555585 0.02195581
1 -1 -1 -1 -1 -1 -1
-0.18090000 0.09277500 0.68929682 -0.34357500 0.37042500 0.70304117 -0.34342500 0.23767500 -0.13222405 0.16771744 -0.01755000 0.23767500 0.03451804 0.06129025 0.00547500 0.10200000 0.02338291 0.01918219 -0.31537500 0.38737500 0.01524019 0.26351201 -0.18090000 0.05760000 0.00474846 0.04684957 -0.02130000 -0.00082500 -0.01160652 0.00530880 -0.04477500 0.07320000 0.00137879 0.02573309
1 -1 -1 -1 -1 -1 -1
-0.17197500 0.06285000 0.88776321 -0.31537500 0.38737500 0.66742516 -0.31365000 0.22417500 -0.10700400 0.16778024 0.00375000 0.17760000 0.04009450 0.05086899 0.00112500 0.08182500 0.01306650 0.01758946 -0.30562500 0.36232500 0.06508650 0.22102589 -0.17197500 0.05595000 0.01027988 0.04483346 -0.01125000 0.00210000 -0.00283537 0.00316660 -0.03232500 0.09277500 0.00932925 0.02889765
1 -1 -1 -1 -1 -1 -1
-0.15510000 0.08992500 0.48358040 -0.30562500 0.36232500 0.69511404 -0.30337500 0.13380000 -0.17919279 0.14657711 -0.00097500 0.24930000 0.06247933 0.07852722 0.00007500 0.07695000 0.01392452 0.01550254 -0.31380000 0.37972500 0.04696779 0.23379251 -0.15510000 0.07447500 0.00669474 0.05186387 -0.01050000 0.02752500 -0.00455490 0.00487177 -0.04125000 0.06285000 0.00522955 0.02787586
1 -1 -1 -1 -1 -1 -1
-0.16050000 0.08340000 0.68123083 -0.31380000 0.37972500 0.69547319 -0.31282500 0.22192500 -0.14698710 0.16828629 -0.00315000 0.25935000 0.05172755 0.07779715 -0.00337500 0.06997500 0.01094809 0.01434813 -0.33262500 0.37987500 0.05088965 0.24040552 -0.16050000 0.06195000 0.00258660 0.05330222 -0.01102500 0.00082500 -0.00690000 0.00244822 -0.03802500 0.07950000 0.00034378 0.02777319
1 -1 -1 -1 -1 -1 -1
-0.18622500 0.07912500 0.63424959 -0.33262500 0.37987500 0.67914715 -0.33097500 0.26280000 -0.13849786 0.20818972 -0.00682500 0.19215000 0.03534030 0.05692411 -0.00592500 0.09127500 0.01421250 0.02111595 -0.34147500 0.36457500 0.04572336 0.24414036 -0.18622500 0.08992500 0.01123264 0.05136025 -0.01207500 -0.00015000 -0.00597044 0.00216972 -0.03390000 0.08340000 0.00075074 0.02633800
1 -1 -1 -1 -1 -1 -1
-0.14227500 0.07162500 0.88829718 -0.34147500 0.36457500 0.67533722 -0.33855000 0.25072500 -0.14116234 0.16650283 -0.00397500 0.24817500 0.04850132 0.06816142 -0.00270000 0.08790000 0.01763684 0.02028415 -0.34950000 0.37215000 0.04272829 0.25640621 -0.14227500 0.06780000 0.01077266 0.04788334 -0.01162500 0.00195000 -0.00610640 0.00261665 -0.03285000 0.07912500 0.00101712 0.02523013
1 -1 -1 -1 -1 -1 -1
-0.16695000 0.07252500 0.43475676 -0.34950000 0.37215000 0.66652365 -0.34575000 0.23535000 -0.14726426 0.16280708 -0.00052500 0.24630000 0.04977181 0.07582331 0.00000000 0.09247500 0.01773322 0.02258761 -0.34260000 0.36322500 0.05186728 0.25048705 -0.16695000 0.06015000 0.01299318 0.04863493 -0.01552500 -0.00090000 -0.00695341 0.00351919 -0.03900000 0.07162500 0.00164697 0.02341599
1 -1 -1 -1 -1 -1 -1
-0.15217500 0.07365000 0.87188845 -0.34260000 0.36322500 0.72074442 -0.34125000 0.29317500 -0.13570926 0.21117870 -0.00990000 0.21217500 0.03249352 0.05771071 -0.00105000 0.21540000 0.03778426 0.05466224 -0.33555000 0.39307500 -0.05625231 0.27611513 -0.15217500 0.06735000 0.00770599 0.05209089 -0.01237500 0.00082500 -0.00621740 0.00279184 -0.04882500 0.06555000 0.00116544 0.02751726
1 -1 -1 -1 -1 -1 -1
-0.21705000 0.08437500 0.64166317 -0.33555000 0.39307500 0.60907841 -0.33352500 0.26407500 -0.02327026 0.18885738 -0.00487500 0.08872500 0.01337080 0.02056424 0.00180000 0.13597500 0.02820493 0.03519635 -0.35137500 0.37110000 0.05150803 0.25140645 -0.21705000 0.07252500 0.01150410 0.05828252 -0.01057500 0.00375000 -0.00288566 0.00315065 -0.03480000 0.07365000 0.00475656 0.02788041
1 -1 -1 -1 -1 -1 -1
-0.13192500 0.10575000 0.63448162 -0.35137500 0.37110000 0.69181471 -0.34927500 0.22425000 -0.13248942 0.18414132 -0.00442500 0.19357500 0.02789183 0.04812629 0.00225000 0.24615000 0.04968942 0.06735900 -0.35100000 0.36952500 -0.05656154 0.27463642 -0.13192500 0.07132500 0.01621298 0.04852551 -0.01102500 0.00390000 -0.00566683 0.00368278 -0.04380000 0.04912500 0.00064868 0.02177436
1 -1 -1 -1 -1 -1 -1
-0.17685000 0.08400000 1.00000000 -0.35100000 0.36952500 0.63347044 -0.34890000 0.26422500 -0.03963357 0.19967451 -0.00210000 0.10957500 0.01009038 0.01774269 0.00600000 0.22612500 0.05001871 0.05826474 -0.36675000 0.36892500 -0.04808287 0.28324105 -0.17685000 0.08437500 0.01462105 0.05829804 -0.01215000 -0.00007500 -0.00553934 0.00326443 -0.04650000 0.06285000 -0.00220224 0.02549090
1 -1 -1 -1 -1 -1 -1
-0.14947500 0.07920000 0.66555681 -0.36675000 0.36892500 0.66289043 -0.36622500 0.26235000 -0.05500067 0.21608510 -0.00165000 0.06360000 0.00886762 0.01397501 0.00172500 0.39855000 0.08811745 0.11211209 -0.32902500 0.39847500 -0.12411191 0.25157405 -0.14947500 0.10575000 0.01346457 0.05544669 -0.04372500 0.00135000 -0.00579724 0.00650766 -0.05632500 0.05227500 0.00165075 0.02648207
1 -1 -1 -1 -1 -1 -1
-0.15120000 0.06930000 0.43601599 -0.32902500 0.39855000 0.58419313 -0.32640000 0.36465000 0.00145568 0.19819891 -0.01072500 0.04020000 0.00065682 0.00785168 -0.00660000 0.21427500 0.04704602 0.06011382 -0.34965000 0.39090000 -0.00137784 0.27734932 -0.15120000 0.12885000 0.01359801 0.06714842 -0.01260000 0.00090000 -0.00818821 0.00241011 -0.07117500 0.06375000 -0.00590966 0.03340514
1 -1 -1 -1 -1 -1 -1
-0.26820000 0.10162500 0.21434202 -0.34965000 0.36465000 0.63834925 -0.34785000 0.33135000 -0.10551406 0.23042838 -0.00270000 0.16492500 0.02830312 0.04622723 0.00232500 0.19417500 0.04036771 0.04841228 -0.32197500 0.35655000 -0.01948073 0.26005017 -0.26820000 0.08212500 0.00938945 0.06853755 -0.01065000 0.00105000 -0.00445352 0.00306732 -0.04230000 0.07792500 0.00088867 0.02557149
1 -1 -1 -1 -1 -1 -1
-0.17677500 0.07762500 1.00000000 -0.32197500 0.39090000 0.65779800 -0.31912500 0.25020000 -0.08556841 0.19022059 -0.00262500 0.16537500 0.02727314 0.04605407 0.00262500 0.19215000 0.03719949 0.05001679 -0.33705000 0.37147500 -0.03193328 0.27084516 -0.17677500 0.07920000 0.00861282 0.05222279 -0.01237500 0.00570000 -0.00477640 0.00308021 -0.05557500 0.04597500 -0.00306777 0.02682327
1 -1 -1 -1 -1 -1 -1