19 34 7
-0.41230000 0.78260000 0.27672482 -0.76830000 0.78900000 0.25101795 -0.76030000 0.78900000 -0.12579825 0.39928602 -0.16690000 0.78900000 0.16281053 0.22118834 -0.12300000 0.83450000 0.39578947 0.31064808 -0.99990000 0.48260000 -0.34978421 0.53736852 0.04360000 0.78260000 0.35584737 0.24035610 -0.41230000 0.45230000 0.02906974 0.21929013 -0.38920000 0.18270000 -0.10951579 0.18174861
-1 -1 -1 -1 -1 -1 1
-0.36190000 0.96040000 0.26969156 -0.99990000 0.94580000 0.27100000 -0.98660000 0.20600000 -0.62896557 0.37807549 -0.00290000 0.94580000 0.34005574 0.21679305 -0.06930000 0.76130000 0.36472951 0.26510575 -1.00000000 0.54370000 -0.24730984 0.59245127 -0.00030000 0.96040000 0.33416049 0.31118513 -0.36190000 0.53480000 0.09382099 0.24072149 -0.40140000 0.05840000 -0.16199383 0.15219979
-1 -1 -1 -1 -1 -1 1
-0.36060000 0.90790000 0.27001038 -1.00000000 0.88510000 0.28858166 -0.99980000 0.30040000 -0.55285846 0.46688901 -0.02400000 0.88510000 0.34506923 0.27545062 0.02520000 0.66110000 0.43680308 0.20344217 -1.00000000 0.43920000 -0.62291231 0.50022424 -0.09450000 0.90790000 0.35633678 0.29912277 -0.24280000 0.46700000 0.02299195 0.19586581 -0.36060000 0.22060000 -0.15895747 0.14830726
-1 -1 -1 -1 -1 -1 1
-0.34770000 0.98270000 0.26160765 -1.00000000 0.99000000 0.25946560 -0.99990000 0.78620000 -0.27607414 0.52347043 -0.03630000 0.99000000 0.32363276 0.33764779 0.04580000 0.61740000 0.43707586 0.15377862 -1.00000000 0.32660000 -0.54652241 0.48155561 -0.05330000 0.98270000 0.47628333 0.32357606 -0.34030000 0.53440000 -0.00467051 0.23201045 -0.34770000 0.03850000 -0.13680641 0.13959769
-1 -1 -1 -1 -1 -1 1
-0.42860000 0.99710000 0.26864834 -1.00000000 0.92540000 0.26307316 -0.99760000 0.92540000 -0.30913729 0.62755512 -0.01420000 0.98840000 0.28074746 0.30343767 0.15540000 0.49450000 0.41774746 0.10243128 -1.00000000 0.41550000 -0.49907288 0.50793984 -0.13350000 0.99710000 0.43617975 0.38690400 -0.42860000 0.33670000 0.00323924 0.20736208 -0.29750000 0.13470000 -0.12158608 0.15245565
-1 -1 -1 -1 -1 -1 1
-0.31270000 0.90200000 0.27738762 -1.00000000 0.96910000 0.27617083 -0.99660000 0.33210000 -0.46024194 0.50588521 -0.30180000 0.96910000 0.33229194 0.38429296 0.09020000 0.50520000 0.39967097 0.11421414 -1.00000000 0.39280000 -0.44132258 0.53580756 -0.06340000 0.90200000 0.42300241 0.22848301 -0.31270000 0.59530000 -0.02178916 0.23598199 -0.27800000 0.12080000 -0.10416145 0.15694365
-1 -1 -1 -1 -1 -1 1
-0.06300000 0.86180000 0.26968966 -1.00000000 0.98180000 0.25872755 -0.99900000 0.24890000 -0.46231207 0.44874935 0.02630000 0.98180000 0.36615345 0.31711938 0.06190000 0.58530000 0.33672241 0.18120117 -0.99990000 0.46610000 -0.16191379 0.55125973 -0.06300000 0.86180000 0.41937051 0.28868810 -0.37600000 0.30750000 0.03218205 0.19107163 -0.33900000 0.05800000 -0.13505128 0.12922385
-1 -1 -1 -1 -1 -1 1
0.03450000 0.89870000 0.27745676 -0.99990000 0.98210000 0.28845682 -0.99550000 0.28420000 -0.61040769 0.44576910 0.00180000 0.98210000 0.34371692 0.30960144 -0.01330000 0.59820000 0.39965846 0.20684151 -1.00000000 0.54770000 -0.39898615 0.59247197 -0.00260000 0.98130000 0.37919655 0.34936180 -0.31090000 0.20230000 0.02540000 0.14860427 -0.27500000 0.10630000 -0.13602874 0.10732000
-1 -1 -1 -1 -1 -1 1
-0.05620000 0.88670000 0.26982317 -1.00000000 0.87600000 0.26345406 -0.99000000 0.25590000 -0.47798305 0.46468561 0.01490000 0.87600000 0.36105254 0.25905600 -0.03970000 0.71520000 0.38677288 0.26312639 -1.00000000 0.48090000 -0.28980000 0.55892091 -0.05620000 0.99980000 0.41187595 0.35152720 -0.33090000 0.32240000 0.01724177 0.17524021 -0.30400000 0.06070000 -0.12924937 0.11649330
-1 -1 -1 -1 -1 -1 1
-0.30840000 0.88640000 0.27725725 -1.00000000 0.98220000 0.28805161 -0.99660000 0.23200000 -0.56934154 0.44866723 0.03360000 0.98220000 0.35935077 0.31177118 -0.05260000 0.70910000 0.37017077 0.25959676 -1.00000000 0.42500000 -0.49191077 0.52626123 -0.00510000 0.92770000 0.35746047 0.32529208 -0.30840000 0.26650000 0.03108837 0.15173694 -0.30840000 0.07750000 -0.11495349 0.11953446
-1 -1 -1 -1 -1 -1 1
-0.15850000 0.91580000 0.28528795 -1.00000000 0.98560000 0.25851393 -0.99080000 0.30730000 -0.45109655 0.47660353 -0.13970000 0.98560000 0.37118448 0.37583068 -0.07000000 0.73060000 0.35560000 0.27033907 -0.99620000 0.50610000 -0.10662069 0.51851680 -0.15850000 0.91580000 0.37306667 0.31963658 -0.32500000 0.80810000 0.04983462 0.25484729 -0.28060000 0.16070000 -0.09806667 0.15676882
-1 -1 -1 -1 -1 -1 1
-0.39880000 0.74790000 0.26184206 -0.99620000 0.72370000 0.29313202 -0.99480000 0.11030000 -0.64486212 0.32394056 0.01380000 0.72370000 0.29346818 0.23543242 0.07350000 0.68580000 0.44970758 0.20764081 -1.00000000 0.45880000 -0.46857727 0.54736488 -0.15560000 0.98870000 0.32489545 0.31903601 -0.26590000 0.27130000 0.01959318 0.13511022 -0.39880000 0.06230000 -0.15458295 0.15286887
-1 -1 -1 -1 -1 -1 1
-0.38360000 0.98280000 0.26929598 -1.00000000 0.82390000 0.25525723 -0.99480000 0.79380000 -0.38877193 0.54306292 -0.00560000 0.99630000 0.36812807 0.33871089 -0.01080000 0.69260000 0.38712456 0.23628185 -1.00000000 0.46000000 -0.33568246 0.53423794 0.03850000 0.98280000 0.46094545 0.29608724 -0.38360000 0.26760000 0.01890649 0.18439648 -0.35510000 0.14790000 -0.15562208 0.13380285
-1 -1 -1 -1 -1 -1 1
-0.33920000 0.88270000 0.26944561 -1.00000000 0.99070000 0.27138195 -0.99980000 0.40070000 -0.53976721 0.49134820 0.02270000 0.99070000 0.33514754 0.33081701 -0.04130000 0.70570000 0.40829344 0.25751326 -1.00000000 0.54290000 -0.31014262 0.56938260 -0.21720000 0.88270000 0.37229268 0.33268777 -0.33920000 0.35590000 0.05152317 0.21193350 -0.33800000 0.03460000 -0.15823780 0.11096203
-1 -1 -1 -1 -1 -1 1
-0.31380000 0.90520000 0.28583517 -1.00000000 0.93950000 0.27911119 -0.99670000 0.17580000 -0.61463175 0.41364361 -0.04270000 0.93950000 0.38177460 0.33771728 -0.00380000 0.56540000 0.30644444 0.20582071 -0.99580000 0.47610000 -0.23737937 0.54636987 -0.12330000 0.90520000 0.35378214 0.32042445 -0.31380000 0.49860000 0.06900238 0.19427565 -0.30840000 0.12680000 -0.10639881 0.12995883
-1 -1 -1 -1 -1 -1 1
-0.29890000 0.98600000 0.27746239 -0.99580000 0.82880000 0.28498487 -0.99080000 0.23280000 -0.58640469 0.43143852 -0.29190000 0.99420000 0.27335625 0.38898658 -0.01410000 0.64970000 0.40667969 0.21318140 -1.00000000 0.50660000 -0.37485781 0.52832136 -0.01550000 0.98600000 0.36980233 0.29985739 -0.29640000 0.29460000 0.00363953 0.15303547 -0.29890000 0.14450000 -0.10413023 0.12373723
-1 -1 -1 -1 -1 -1 1
-0.29290000 0.82360000 0.28509760 -1.00000000 0.90620000 0.27516394 -0.99650000 0.21840000 -0.45910161 0.44148027 -0.09270000 0.90620000 0.32140806 0.33805613 0.00340000 0.69410000 0.38571935 0.26596591 -1.00000000 0.55290000 -0.31853548 0.56617697 -0.05610000 0.82360000 0.37973614 0.30541697 -0.24410000 0.28970000 0.05003976 0.14615881 -0.29290000 0.03440000 -0.12208795 0.11793355
-1 -1 -1 -1 -1 -1 1
-0.28580000 0.85130000 0.27714243 -1.00000000 0.88530000 0.28766842 -0.99990000 0.28440000 -0.54425385 0.45888226 -0.18390000 0.88530000 0.32137231 0.31063908 0.00120000 0.53640000 0.31265846 0.18827327 -1.00000000 0.43900000 -0.32874923 0.54264729 -0.08560000 0.99930000 0.37770349 0.35917583 -0.28580000 0.26210000 0.04212093 0.16190091 -0.23310000 0.05850000 -0.10468605 0.10746206
-1 -1 -1 -1 -1 -1 1
-0.29160000 0.75510000 0.30968285 -1.00000000 0.98940000 0.29729042 -0.99700000 0.16050000 -0.51408358 0.43301812 -0.18510000 0.98940000 0.37948955 0.33876952 -0.04300000 0.52230000 0.20435672 0.20461534 -0.98630000 0.37980000 -0.36829701 0.49808253 -0.06560000 0.75510000 0.34312444 0.28092899 -0.16930000 0.26680000 0.02886556 0.12822925 -0.29160000 0.26680000 -0.06049556 0.13512485
-1 -1 -1 -1 -1 -1 1