22 34 7
-0.22240000 0.50710000 0.30059557 -0.60730000 0.61710000 0.29268999 -0.60700000 0.33470000 -0.16957424 0.33264424 -0.01610000 0.61710000 0.20173485 0.16975592 0.04120000 0.34780000 0.22814091 0.10140458 -0.73930000 0.19290000 -0.33719848 0.32068286 -0.18690000 0.50710000 0.23587500 0.19115871 -0.22240000 0.28140000 0.00944659 0.14198631 -0.20760000 0.14430000 -0.00662500 0.11515111
-1 -1 -1 -1 -1 1 -1
-0.24100000 0.50820000 0.31712008 -0.73930000 0.83510000 0.30864477 -0.73800000 0.14860000 -0.32432899 0.33302200 -0.02380000 0.83510000 0.25404058 0.24401996 -0.04720000 0.38690000 0.20252609 0.13416417 -0.75140000 0.37100000 -0.22860145 0.39565711 -0.00510000 0.50820000 0.27377527 0.16346031 -0.24100000 0.25330000 0.00839677 0.11741905 -0.15670000 0.12520000 -0.03434516 0.09325515
-1 -1 -1 -1 -1 1 -1
-0.19140000 0.63890000 0.30890760 -0.75140000 0.94880000 0.30873842 -0.74590000 0.48460000 -0.35997246 0.38567742 -0.12130000 0.94880000 0.24703623 0.27793111 -0.04520000 0.41330000 0.23544638 0.13976560 -0.78790000 0.36260000 -0.30201014 0.39700468 -0.11340000 0.67970000 0.28989032 0.23372452 -0.19140000 0.19950000 -0.01255161 0.12924150 -0.14910000 0.10520000 -0.01940860 0.08869189
-1 -1 -1 -1 -1 1 -1
-0.23780000 0.62370000 0.30155201 -0.78790000 0.90990000 0.30402603 -0.77650000 0.42940000 -0.31960588 0.40530755 -0.09070000 0.90990000 0.25805588 0.27085811 -0.00280000 0.53470000 0.27319412 0.18964483 -0.81050000 0.41120000 -0.30370294 0.42240368 0.06030000 0.62370000 0.28980659 0.19239388 -0.23780000 0.43460000 0.02436154 0.13807611 -0.21780000 0.12460000 -0.04276813 0.12376157
-1 -1 -1 -1 -1 1 -1
-0.13570000 0.74260000 0.33298311 -0.81050000 0.91090000 0.30503597 -0.80400000 0.64420000 -0.33814783 0.40686132 -0.08530000 0.91090000 0.26980290 0.27271981 -0.02450000 0.49940000 0.28163188 0.17689878 -0.84790000 0.36950000 -0.37095072 0.41990323 -0.13570000 0.74260000 0.31416630 0.26412250 -0.19690000 0.19770000 0.00107174 0.11708935 -0.16470000 0.12020000 -0.03207935 0.08055837
-1 -1 -1 -1 -1 1 -1
-0.09770000 0.61170000 0.26924763 -0.84790000 0.94990000 0.30465040 -0.83600000 0.61940000 -0.34861014 0.41236345 -0.12200000 0.94990000 0.23809420 0.27692940 -0.02160000 0.51330000 0.28438696 0.15805508 -0.81870000 0.35680000 -0.39044928 0.38660463 -0.09770000 0.61170000 0.29429130 0.21875255 -0.19730000 0.22590000 0.00600435 0.12910381 -0.22540000 0.12910000 -0.03567174 0.12788342
-1 -1 -1 -1 -1 1 -1
-0.03490000 0.70170000 0.32533960 -0.81870000 0.94540000 0.29198599 -0.80470000 0.53820000 -0.29854545 0.42441874 -0.06210000 0.94540000 0.28395758 0.26430239 -0.01410000 0.55910000 0.29830000 0.19736338 -0.82500000 0.36480000 -0.40291364 0.41068078 -0.03490000 0.70170000 0.31060227 0.22711730 -0.24930000 0.26490000 0.01222500 0.12786881 -0.19770000 0.08060000 -0.05455227 0.10092756
-1 -1 -1 -1 -1 1 -1
-0.18640000 0.63420000 0.27718000 -0.82500000 0.95140000 0.30412483 -0.82450000 0.86400000 -0.36961029 0.44911753 -0.14710000 0.95140000 0.32593235 0.29014080 -0.08350000 0.43180000 0.21828088 0.18191924 -0.83030000 0.36390000 -0.33543529 0.40967017 0.05530000 0.63420000 0.33452418 0.21540011 -0.16090000 0.14770000 0.01012967 0.11183681 -0.18640000 0.11810000 -0.02681319 0.08792226
-1 -1 -1 -1 -1 1 -1
-0.23390000 0.66190000 0.30129919 -0.83030000 0.87620000 0.30099564 -0.82710000 0.68170000 -0.35953971 0.43194471 -0.04060000 0.87620000 0.29983529 0.27801182 -0.04350000 0.45180000 0.25300588 0.17372742 -0.90300000 0.35510000 -0.36028971 0.44343091 -0.34320000 0.89700000 0.32927444 0.31560379 -0.23390000 0.31540000 0.00221444 0.14845516 -0.17340000 0.14850000 -0.05038667 0.09375168
-1 -1 -1 -1 -1 1 -1
-0.10340000 0.75520000 0.30105925 -0.90300000 0.78070000 0.31269474 -0.89950000 0.55950000 -0.35950571 0.47506034 0.01950000 0.78070000 0.30712857 0.25103881 0.00990000 0.54140000 0.30676571 0.18903719 -0.85870000 0.41940000 -0.41899857 0.42967619 -0.10340000 0.84070000 0.29803617 0.29831944 -0.21820000 0.22100000 0.00572340 0.11441924 -0.17640000 0.09870000 -0.03962021 0.07211359
-1 -1 -1 -1 -1 1 -1
-0.23510000 0.70780000 0.30176201 -0.85870000 0.92220000 0.28380318 -0.85550000 0.70510000 -0.23635000 0.49703565 -0.00230000 0.92220000 0.25242187 0.26075178 -0.07470000 0.45800000 0.26193750 0.17859410 -0.84080000 0.41130000 -0.29253750 0.41750585 0.07640000 0.70780000 0.35019419 0.19885473 -0.23510000 0.20700000 -0.00765581 0.12604337 -0.20610000 0.24440000 -0.01070000 0.12272303
-1 -1 -1 -1 -1 1 -1
-0.23470000 0.71110000 0.28508520 -0.84080000 0.91720000 0.30516806 -0.83920000 0.33300000 -0.41805797 0.38253245 -0.00330000 0.91720000 0.29837101 0.27431273 -0.07480000 0.54090000 0.29703623 0.20825761 -0.89320000 0.43020000 -0.42738986 0.44554837 0.00100000 0.71110000 0.30666739 0.23443727 -0.23470000 0.29360000 0.01364783 0.13038686 -0.16080000 0.11350000 -0.05369348 0.07936671
-1 -1 -1 -1 -1 1 -1
0.08320000 0.65840000 0.30082960 -0.89320000 0.95220000 0.29579802 -0.88060000 0.80190000 -0.24682985 0.51898758 -0.07470000 0.95220000 0.23810597 0.26150061 -0.04340000 0.54480000 0.32858806 0.20538337 -0.89480000 0.32100000 -0.42639851 0.43103828 0.01730000 0.65840000 0.33364270 0.22621247 -0.22710000 0.19910000 0.01343933 0.12380146 -0.19260000 0.10240000 -0.06460899 0.09096876
-1 -1 -1 -1 -1 1 -1
-0.04400000 0.74020000 0.28518076 -0.89480000 0.96070000 0.28765955 -0.88780000 0.56780000 -0.26051538 0.49913361 -0.01800000 0.96070000 0.26422462 0.26816999 -0.01490000 0.52050000 0.31232462 0.18826031 -0.93630000 0.40760000 -0.43295385 0.45401320 -0.04400000 0.74020000 0.33958140 0.26675069 -0.21180000 0.20620000 0.02896279 0.13009663 -0.16360000 0.04970000 -0.06938605 0.07287455
-1 -1 -1 -1 -1 1 -1
-0.06330000 0.75770000 0.29393959 -0.93630000 0.81590000 0.29293880 -0.92020000 0.78920000 -0.30714242 0.49106383 0.02440000 0.81590000 0.27110303 0.25424994 -0.03950000 0.42940000 0.26271818 0.14639895 -0.83050000 0.24610000 -0.45117576 0.36256274 -0.06330000 0.75770000 0.34028182 0.27973171 -0.27760000 0.14900000 -0.00818295 0.13023533 -0.16300000 0.11540000 -0.03392614 0.09505008
-1 -1 -1 -1 -1 1 -1
0.09940000 0.70410000 0.29382401 -0.83050000 0.95470000 0.29252844 -0.82630000 0.83780000 -0.22336364 0.48917374 0.01650000 0.95470000 0.29559394 0.24950672 -0.11000000 0.50950000 0.29387576 0.21215886 -0.91890000 0.42580000 -0.37963333 0.45278674 -0.02400000 0.72960000 0.34110795 0.23667198 -0.15810000 0.25600000 0.02545341 0.11863888 -0.17840000 0.06100000 -0.06415795 0.07644564
-1 -1 -1 -1 -1 1 -1
-0.21500000 0.71570000 0.30905523 -0.91890000 0.93150000 0.30354357 -0.91610000 0.28100000 -0.38114559 0.41830507 -0.08780000 0.93150000 0.27891912 0.29288654 -0.02250000 0.52150000 0.29054706 0.18352098 -0.92980000 0.40140000 -0.37653088 0.45805134 -0.02670000 0.71570000 0.32256374 0.23944126 -0.21500000 0.17590000 0.00232747 0.10890315 -0.18550000 0.04320000 -0.06401868 0.07616575
-1 -1 -1 -1 -1 1 -1
-0.22090000 0.70890000 0.29288397 -0.92980000 0.97530000 0.29712639 -0.92900000 0.66340000 -0.23901194 0.52221168 -0.05580000 0.97530000 0.27726418 0.25034494 -0.06660000 0.52680000 0.27587313 0.20187229 -0.85660000 0.28900000 -0.36918358 0.41445313 0.00070000 0.70890000 0.33528652 0.22356603 -0.17600000 0.15730000 0.02222697 0.10967633 -0.22090000 0.06650000 -0.06489101 0.08923998
-1 -1 -1 -1 -1 1 -1
-0.19240000 0.75090000 0.30127478 -0.85660000 0.90590000 0.30868683 -0.85440000 0.70030000 -0.25992174 0.50268617 -0.07520000 0.90590000 0.25019130 0.25731887 -0.08500000 0.47710000 0.28280580 0.19403604 -0.90340000 0.34480000 -0.45576667 0.42484454 -0.03380000 0.75090000 0.29913548 0.25044182 -0.19240000 0.20860000 0.01592151 0.11588695 -0.16730000 0.10030000 -0.04240968 0.07878341
-1 -1 -1 -1 -1 1 -1
-0.19680000 0.77060000 0.30917358 -0.90340000 0.90780000 0.29963398 -0.88480000 0.87210000 -0.16212537 0.49843773 -0.12220000 0.90780000 0.21677015 0.27842237 -0.09710000 0.46800000 0.27723433 0.19351720 -0.85360000 0.37520000 -0.36538657 0.41943378 -0.03460000 0.77060000 0.31864444 0.26312965 -0.19680000 0.20080000 0.02025333 0.11222015 -0.17450000 0.05840000 -0.05421667 0.08079618
-1 -1 -1 -1 -1 1 -1
-0.20850000 0.72780000 0.30865927 -0.85360000 0.91820000 0.30538120 -0.85240000 0.73940000 -0.25470290 0.50660649 -0.13750000 0.91820000 0.23466377 0.28428867 -0.06050000 0.47600000 0.25927536 0.19302079 -0.79590000 0.35760000 -0.36046667 0.39372363 -0.20850000 0.72780000 0.28028913 0.28717232 -0.17700000 0.19310000 0.01024891 0.09942673 -0.14190000 0.07670000 -0.02562391 0.07605624
-1 -1 -1 -1 -1 1 -1
-0.46360000 0.61600000 0.32550879 -0.79590000 0.94180000 0.32885799 -0.79140000 0.57730000 -0.21756757 0.45435331 -0.07330000 0.94180000 0.22571892 0.24901067 -0.06360000 0.42440000 0.23714730 0.17266263 -0.81260000 0.11540000 -0.50446351 0.30792161 -0.46360000 0.87780000 0.26653636 0.32505411 -0.12050000 0.14790000 0.02878081 0.08869135 -0.09410000 0.08070000 -0.00792828 0.05714777
-1 -1 -1 -1 -1 1 -1