26 22 4
-0.22560000 0.19720000 0.58735886 -0.34630000 0.55150000 0.60930042 -0.34530000  0.34220000 -0.00882117  0.21899941 -0.00210000  0.06480000  0.01042117  0.01551628  0.00280000  0.46460000  0.10346277  0.12320709 -0.49110000  0.55150000 -0.11254088  0.39496953
-1 1 -1 -1
-0.30120000 0.18380000 0.57029400 -0.49110000 0.63760000 0.54755602 -0.48940000  0.43530000 -0.06748618  0.30971796  0.00030000  0.14820000  0.02556179  0.03692864  0.00730000  0.27650000  0.06695041  0.07237029 -0.50600000  0.63760000  0.03620000  0.41902374
-1 1 -1 -1
-0.30880000 0.18880000 0.57102518 -0.50600000 0.66890000 0.59218082 -0.50450000  0.43550000 -0.20026842  0.30969502 -0.01460000  0.30490000  0.04993985  0.09183572 -0.00180000  0.26160000  0.05634737  0.06572134 -0.50540000  0.66890000  0.00636917  0.43709566
-1 1 -1 -1
-0.25380000 0.18000000 0.56186476 -0.50540000 0.59720000 0.53893318 -0.50520000  0.46270000 -0.15260496  0.32796603  0.00110000  0.27510000  0.04390579  0.06841630  0.00480000  0.19110000  0.05412231  0.05280220 -0.50740000  0.59720000  0.08240744  0.39575986
-1 1 -1 -1
-0.32270000 0.18300000 0.56335001 -0.50740000 0.66000000 0.59293842 -0.50160000  0.42820000 -0.23294030  0.29611475 -0.00250000  0.39330000  0.06623582  0.10271697  0.00690000  0.28070000  0.06407463  0.07460325 -0.49620000  0.66000000 -0.01945299  0.43732462
-1 1 -1 -1
-0.21250000 0.20540000 0.57081680 -0.49620000 0.65040000 0.58005238 -0.49550000  0.46080000 -0.12325038  0.33699864 -0.00790000  0.22210000  0.02537252  0.05456859  0.00980000  0.65040000  0.14906718  0.17368890 -0.48750000  0.65040000 -0.17085649  0.37644434
-1 1 -1 -1
-0.32910000 0.18060000 0.55430756 -0.48750000 0.61190000 0.53133354 -0.48690000  0.41810000 -0.05406555  0.32345659  0.00080000  0.07060000  0.01290084  0.01761428  0.00700000  0.28410000  0.07287647  0.07037994 -0.47130000  0.61190000  0.05677059  0.40044307
-1 1 -1 -1
-0.16610000 0.14300000 0.58665085 -0.47130000 0.62040000 0.57620487 -0.46980000  0.45280000 -0.23131462  0.28840656 -0.00380000  0.35030000  0.07056462  0.10518390  0.00540000  0.26970000  0.05952385  0.06704640 -0.54640000  0.62040000  0.01304077  0.41967808
-1 1 -1 -1
-0.25300000 0.15350000 0.57838278 -0.54640000 0.64510000 0.56854000 -0.54100000  0.43690000 -0.18651250  0.31368805  0.00410000  0.34100000  0.06071406  0.09022765  0.00900000  0.20320000  0.04754297  0.05233274 -0.55110000  0.64510000  0.03955312  0.43409230
-1 1 -1 -1
-0.18300000 0.18730000 0.55438242 -0.55110000 0.67760000 0.62056837 -0.54550000  0.37460000 -0.19387914  0.30565378 -0.01130000  0.28310000  0.05198489  0.08111710  0.01310000  0.48530000  0.09532950  0.11484039 -0.52120000  0.67760000 -0.12076043  0.44420356
-1 1 -1 -1
-0.34620000 0.16800000 0.53951998 -0.52120000 0.66210000 0.52779360 -0.51430000  0.50740000 -0.02643445  0.32760245 -0.00580000  0.11260000  0.01708151  0.02515453  0.01970000  0.54810000  0.11804706  0.12790646 -0.50900000  0.66210000 -0.06341092  0.44000620
-1 1 -1 -1
-0.38490000 0.19070000 0.57813444 -0.50900000 0.64580000 0.55534000 -0.50760000  0.42060000 -0.15277760  0.32398796  0.00330000  0.24210000  0.03701040  0.06028406  0.01030000  0.30970000  0.06900000  0.07529512 -0.54680000  0.64580000  0.00670080  0.43746777
-1 1 -1 -1
-0.20300000 0.20510000 1.00000000 -0.54680000 0.70920000 0.55102758 -0.53740000  0.40080000 -0.18355645  0.29434673  0.00270000  0.28450000  0.05912016  0.07673279  0.01080000  0.26930000  0.06213629  0.06928971 -0.57160000  0.70920000  0.02923629  0.45142163
-1 1 -1 -1
-0.24700000 0.18450000 0.56263914 -0.57160000 0.63680000 0.55153923 -0.56270000  0.48880000 -0.19577742  0.33949645 -0.00160000  0.30770000  0.04821129  0.07833977  0.01660000  0.24500000  0.06088468  0.06071899 -0.50690000  0.63680000  0.02843710  0.42172275
-1 1 -1 -1
-0.28910000 0.19410000 0.57084484 -0.50690000 0.63660000 0.55657234 -0.50330000  0.36310000 -0.22369286  0.25988694  0.00430000  0.36520000  0.07501190  0.10407668  0.00470000  0.15690000  0.02854524  0.02963864 -0.47930000  0.63660000  0.11849762  0.38479216
-1 1 -1 -1
-0.25540000 0.18480000 0.54675560 -0.47930000 0.56920000 0.62921600 -0.47920000  0.46520000 -0.22885745  0.29257459  0.00030000  0.38350000  0.05535745  0.09010639  0.01180000  0.56920000  0.15483688  0.17277706 -0.51750000  0.55190000 -0.21715887  0.35833544
-1 1 -1 -1
-0.46560000 0.17370000 1.00000000 -0.51750000 0.63520000 0.52241001 -0.51450000  0.50100000  0.00980085  0.30638347 -0.00190000  0.03080000  0.00787265  0.00538854  0.01100000  0.45610000  0.10925983  0.11721640 -0.49510000  0.63520000 -0.04266581  0.43313320
-1 1 -1 -1
-0.09950000 0.15970000 0.53083038 -0.49510000 0.59740000 0.55191364 -0.48700000  0.39860000 -0.15866371  0.30679455 -0.00670000  0.26660000  0.04231774  0.07029146  0.00370000  0.20920000  0.05598306  0.05759443 -0.50060000  0.59740000  0.05366048  0.40406370
-1 1 -1 -1
-0.20230000 0.19270000 1.00000000 -0.50060000 0.61290000 0.59715080 -0.50050000  0.46040000 -0.17332963  0.33916807 -0.00250000  0.22420000  0.03403852  0.05571089  0.01600000  0.61290000  0.14310667  0.17079671 -0.50510000  0.59130000 -0.19490074  0.37052162
-1 1 -1 -1
-0.24560000 0.20880000 0.55473204 -0.50510000 0.61420000 0.51404963 -0.50370000  0.48690000 -0.01586724  0.31204834  0.00020000  0.14100000  0.01829052  0.02559276  0.01790000  0.43770000  0.10809741  0.11175887 -0.50580000  0.61420000 -0.02188448  0.42296901
-1 1 -1 -1
-0.23700000 0.20670000 0.56280794 -0.50580000 0.62960000 0.58022833 -0.50330000  0.43330000 -0.14538692  0.32114026 -0.00650000  0.16980000  0.01907385  0.03697581  0.01350000  0.62960000  0.15169385  0.17310532 -0.56540000  0.62850000 -0.18678846  0.40809521
-1 1 -1 -1
-0.60390000 0.23650000 1.00000000 -0.54030000 0.62170000 0.51424437 -0.53780000  0.41610000 -0.04386810  0.31307902  0.00710000  0.09480000  0.02403793  0.02066041  0.02460000  0.65350000  0.16964397  0.17877684 -0.51060000  0.65350000 -0.16318879  0.40189243
-1 1 -1 -1
-0.47560000 0.28890000 1.00000000 -0.51060000 0.65350000 0.53142595 -0.50890000  0.47230000 -0.07311917  0.31756309  0.00040000  0.11250000  0.02277917  0.02462142  0.02060000  0.61630000  0.19357250  0.18961903 -0.50650000  0.56970000 -0.23138250  0.35304871
-1 1 -1 -1
-0.57630000 0.26920000 1.00000000 -0.50650000 0.61630000 0.53456163 -0.49380000  0.41190000 -0.03602917  0.30588048  0.00230000  0.09990000  0.02160833  0.02080477  0.02250000  0.63020000  0.17673167  0.17083890 -0.53890000  0.63420000 -0.19420333  0.41165237
-1 1 -1 -1
-0.36930000 0.25030000 0.53043604 -0.53890000 0.63420000 0.52267046 -0.53520000  0.44250000 -0.04086525  0.32644435  0.00210000  0.15090000  0.02769915  0.03445094  0.01660000  0.38890000  0.10753559  0.10173689 -0.54380000  0.62130000 -0.04132458  0.43915176
-1 1 -1 -1
-0.55730000 0.25110000 0.53147154 -0.54380000 0.62130000 0.54389877 -0.54350000  0.49720000 -0.15050650  0.36910596 -0.00050000  0.24380000  0.04746748  0.06771128  0.02370000  0.58630000  0.15270325  0.15562474 -0.59130000  0.63990000 -0.16820244  0.43154514
-1 1 -1 -1