23 22 4
-0.57650000 0.57090000 0.38903837 -0.68270000 0.74440000 0.35305796 -0.68050000  0.75070000 -0.06669625  0.47380140  0.01240000  0.30760000  0.06327125  0.07787472  0.03630000  0.82880000  0.23623750  0.22358939 -0.87740000  0.98400000  0.00421500  0.68389639
-1 -1 -1 1
-0.90180000 0.71280000 0.37997761 -0.87740000 0.98400000 0.42410288 -0.87360000  0.96850000 -0.39627368  0.54403713  0.02430000  0.96850000  0.13640316  0.17475418  0.04170000  0.98890000  0.40184211  0.33091071 -0.83750000  0.60220000 -0.49107158  0.39738774
-1 -1 -1 1
-0.99910000 0.73350000 0.38078318 -0.83750000 0.98890000 0.38337917 -0.83040000  0.97000000  0.01208837  0.50017335  0.02620000  0.20040000  0.05863721  0.04338175  0.05170000  0.94190000  0.47009884  0.28400505 -0.78030000  0.05570000 -0.57466860  0.24359166
-1 -1 -1 1
-0.72250000 0.66170000 0.38061123 -0.78030000 0.94190000 0.38300238 -0.77770000  0.95430000  0.01008605  0.51096514  0.01840000  0.14980000  0.05545698  0.02518443  0.01320000  0.98790000  0.46844535  0.30892633 -0.87770000  0.01320000 -0.57766744  0.25158000
-1 -1 -1 1
-0.87650000 0.84150000 0.38874645 -0.88550000 0.98790000 0.38615799 -0.88470000  0.99080000  0.01867241  0.52327937  0.02630000  0.15700000  0.04837586  0.02702918  0.04350000  0.99530000  0.46545517  0.31758423 -0.87010000  0.10110000 -0.59082874  0.27616030
-1 -1 -1 1
-0.99980000 0.76970000 0.38823557 -0.87010000 0.99530000 0.38736877 -0.86010000  0.96450000  0.02367701  0.49953354  0.00800000  0.13630000  0.04219310  0.02362187 -0.01620000  0.98770000  0.46913218  0.30748751 -0.81660000 -0.01620000 -0.58184253  0.24742748
-1 -1 -1 1
-0.79910000 0.65170000 0.39621477 -0.81660000 0.98770000 0.39846525 -0.81070000  0.93920000  0.02223667  0.49259868 -0.00260000  0.13740000  0.05106444  0.03024669 -0.06120000  0.99330000  0.45786667  0.31936688 -0.85290000 -0.15440000 -0.63605667  0.23612926
-1 -1 -1 1
-0.58200000 0.70310000 0.38816605 -0.85290000 0.99330000 0.38684082 -0.82320000  0.99110000  0.08040115  0.48687692  0.00730000  0.08830000  0.03836437  0.01709714  0.02310000  0.97760000  0.46959080  0.29799196 -0.80920000  0.02310000 -0.58985172  0.25965562
-1 -1 -1 1
-0.55910000 0.76590000 0.39719553 -0.80920000 0.97760000 0.40417280 -0.80410000  0.98400000  0.02242198  0.50611855  0.02230000  0.16440000  0.05097473  0.02680130 -0.02770000  0.96020000  0.44759121  0.30022299 -0.82730000 -0.02770000 -0.60780000  0.22404411
-1 -1 -1 1
-0.69510000 0.79190000 0.40383167 -0.82730000 0.96020000 0.39909554 -0.82360000  0.97880000  0.06245444  0.48648964 -0.00300000  0.09920000  0.03649111  0.02169040 -0.09310000  0.97840000  0.45076556  0.32251585 -0.90980000 -0.18150000 -0.62844222  0.22727315
-1 -1 -1 1
-0.71420000 0.77880000 0.38825235 -0.90980000 0.97840000 0.38716602 -0.87530000  0.99660000  0.09929080  0.46679639  0.01820000  0.11510000  0.04757471  0.02363189 -0.13000000  0.97790000  0.45725172  0.30999068 -0.90530000 -0.13000000 -0.62506552  0.22964329
-1 -1 -1 1
-0.99980000 0.79390000 0.39652042 -0.90530000 0.97790000 0.39428282 -0.90040000  0.98170000  0.05298764  0.50422061  0.01280000  0.13580000  0.04763258  0.02419622 -0.06630000  0.99650000  0.46356067  0.32586605 -0.94850000 -0.06630000 -0.63495169  0.27699950
-1 -1 -1 1
-0.98730000 0.76230000 0.38859158 -0.94850000 0.99650000 0.38763161 -0.88910000  0.98090000  0.05349655  0.51550536  0.02540000  0.19420000  0.06120345  0.03926954  0.01850000  0.98900000  0.47199195  0.29567032 -0.93140000  0.01850000 -0.61348391  0.29608697
-1 -1 -1 1
-0.99240000 0.76140000 0.40447960 -0.93140000 0.98900000 0.39884834 -0.91280000  0.99470000  0.02913778  0.52785189  0.00010000  0.08850000  0.03628222  0.01881289  0.04380000  0.96970000  0.44728111  0.30175596 -0.84240000  0.03420000 -0.55040000  0.26580103
-1 -1 -1 1
-0.82810000 0.76170000 0.39566202 -0.84240000 0.96970000 0.40334044 -0.82540000  0.96450000  0.00450000  0.53256765  0.00930000  0.20690000  0.04126250  0.03509335 -0.03790000  0.99320000  0.43919659  0.33857501 -0.93610000 -0.03790000 -0.60602386  0.25995278
-1 -1 -1 1
-0.47560000 0.66590000 0.38845720 -0.93610000 0.99320000 0.38287563 -0.91680000  0.97890000  0.07141977  0.50009621  0.03330000  0.11080000  0.05529419  0.01983981 -0.02130000  0.91470000  0.45202907  0.28221992 -0.80560000 -0.02130000 -0.60271744  0.24082978
-1 -1 -1 1
-0.50270000 0.63950000 0.39704075 -0.80560000 0.91470000 0.38303280 -0.79330000  0.91050000  0.03156860  0.50317800  0.00440000  0.15750000  0.04083953  0.03497387  0.04760000  0.99660000  0.35662674  0.32158989 -0.81480000  0.97960000 -0.33043837  0.52738773
-1 -1 -1 1
-0.68940000 0.58430000 0.37267551 -0.48080000 0.84310000 0.42811918 -0.47870000  0.60990000  0.00020206  0.31926107  0.02240000  0.26590000  0.07891649  0.06537065  0.05110000  0.84310000  0.37296186  0.28277289 -0.77200000  0.44660000 -0.51359485  0.32412116
-1 -1 -1 1
-0.49620000 0.58800000 0.40460281 -0.77200000 0.89110000 0.40414476 -0.76980000  0.91560000  0.04621868  0.47527284  0.01890000  0.18590000  0.04816593  0.03432302  0.04120000  0.89110000  0.41838462  0.26360154 -0.72960000  0.04120000 -0.56410989  0.19653185
-1 -1 -1 1
-0.70740000 0.63610000 0.39578400 -0.72960000 0.89080000 0.39849005 -0.72260000  0.96380000  0.05055889  0.47996151  0.02740000  0.10650000  0.05163778  0.01876357  0.02920000  0.89080000  0.43386444  0.26514787 -0.79060000 -0.08930000 -0.55904444  0.21516537
-1 -1 -1 1
-0.67100000 0.66610000 0.40428162 -0.79060000 0.84290000 0.40412836 -0.77520000  0.91920000  0.01440440  0.49064604  0.03030000  0.21080000  0.05863626  0.03867242 -0.08480000  0.84290000  0.42697802  0.26567955 -0.77300000 -0.08480000 -0.58872857  0.21151908
-1 -1 -1 1
-0.88810000 0.69560000 0.39699526 -0.77300000 0.92310000 0.39493198 -0.76570000  0.91020000  0.05337416  0.49092836  0.03030000  0.18720000  0.06526629  0.03629785  0.04790000  0.92310000  0.43607640  0.28116153 -0.78500000 -0.11230000 -0.57822022  0.21945855
-1 -1 -1 1
-0.74540000 0.74920000 0.38813915 -0.78500000 0.96590000 0.38685646 -0.77280000  0.95060000  0.06541609  0.48480086 -0.01900000  0.15230000  0.05374598  0.04871411 -0.02020000  0.96590000  0.44074828  0.28460376 -0.76710000 -0.02020000 -0.56797356  0.21105969
-1 -1 -1 1