41 22 4
-0.30430000 0.12140000 1.00000000 -0.37800000 0.43910000 0.71223001 -0.37780000  0.34970000 -0.02803687  0.22605722 -0.00820000  0.08070000  0.01304687  0.02012579 -0.00230000  0.46150000  0.08454750  0.11432467 -0.42090000  0.48440000 -0.09903813  0.30991328
1 -1 -1 -1
-0.17680000 0.08700000 0.73611755 -0.42870000 0.48440000 0.66165199 -0.42660000  0.33160000 -0.06511141  0.25850180 -0.01490000  0.14360000  0.02040403  0.03921842  0.00610000  0.11060000  0.02252617  0.02391655 -0.39150000  0.49620000  0.08005369  0.30205580
1 -1 -1 -1
-0.23890000 0.09560000 0.90410004 -0.39150000 0.49620000 0.75327120 -0.38780000  0.03660000 -0.22435799  0.15798714 -0.00440000  0.33960000  0.08685621  0.09960295 -0.01140000  0.07400000  0.01250769  0.02350859 -0.43590000  0.57370000  0.04410296  0.33095982
1 -1 -1 -1
-0.20380000 0.11510000 0.48322001 -0.43590000 0.57370000 0.72090006 -0.42710000  0.28990000 -0.15553333  0.23333382 -0.00140000  0.27090000  0.05713827  0.07507664 -0.01120000  0.21360000  0.03646235  0.05917862 -0.45610000  0.53030000 -0.03312037  0.37732090
1 -1 -1 -1
-0.26630000 0.10720000 0.84010639 -0.45610000 0.53030000 0.63397236 -0.45360000  0.37340000 -0.07187063  0.28209054 -0.00550000  0.15330000  0.01540769  0.03291947  0.00640000  0.16970000  0.03324825  0.04205374 -0.41490000  0.51910000  0.02382517  0.34786511
1 -1 -1 -1
-0.19250000 0.11760000 0.64898720 -0.41490000 0.51910000 0.63802357 -0.41110000  0.34410000 -0.16788958  0.26070950 -0.00780000  0.29730000  0.04231111  0.08095936  0.00400000  0.08970000  0.02223889  0.01623994 -0.44560000  0.53270000  0.09922639  0.31980800
1 -1 -1 -1
-0.32350000 0.11170000 1.00000000 -0.44560000 0.53270000 0.65827646 -0.44460000  0.20520000 -0.24038514  0.20974457 -0.01480000  0.35800000  0.07302770  0.10253263  0.00270000  0.13980000  0.02263919  0.03037046 -0.43180000  0.50720000  0.06645946  0.32856129
1 -1 -1 -1
-0.38940000 0.08540000 0.88683395 -0.43180000 0.50720000 0.63789082 -0.43020000  0.39150000 -0.19965972  0.27140649 -0.00180000  0.31800000  0.05948750  0.08775625  0.00240000  0.22820000  0.04951458  0.05783500 -0.40660000  0.50560000 -0.01310972  0.34490378
1 -1 -1 -1
-0.17940000 0.07680000 0.50007038 -0.40660000 0.50560000 0.62523718 -0.40640000  0.29360000 -0.15240638  0.21288869 -0.00890000  0.26930000  0.05292128  0.07765271 -0.00440000  0.10730000  0.02338794  0.02513403 -0.43460000  0.52260000  0.08357943  0.31814253
1 -1 -1 -1
-0.24010000 0.09760000 0.68941841 -0.43460000 0.52260000 0.68387842 -0.42930000  0.07610000 -0.23090649  0.16557679 -0.00470000  0.30220000  0.08638312  0.09080205 -0.00600000  0.07390000  0.01414286  0.01555740 -0.45810000  0.49390000  0.05654740  0.31982347
1 -1 -1 -1
-0.24120000 0.12370000 0.68929682 -0.45810000 0.49390000 0.70304117 -0.45790000  0.31690000 -0.17629873  0.22362326 -0.02340000  0.31690000  0.04602405  0.08172033  0.00730000  0.13600000  0.03117722  0.02557625 -0.42050000  0.51650000  0.02032025  0.35134934
1 -1 -1 -1
-0.22930000 0.08380000 0.88776321 -0.42050000 0.51650000 0.66742516 -0.41820000  0.29890000 -0.14267200  0.22370698  0.00500000  0.23680000  0.05345933  0.06782532  0.00150000  0.10910000  0.01742200  0.02345262 -0.40750000  0.48310000  0.08678200  0.29470119
1 -1 -1 -1
-0.20680000 0.11990000 0.48358040 -0.40750000 0.48310000 0.69511404 -0.40450000  0.17840000 -0.23892372  0.19543615 -0.00130000  0.33240000  0.08330577  0.10470295  0.00010000  0.10260000  0.01856603  0.02067006 -0.41840000  0.50630000  0.06262372  0.31172335
1 -1 -1 -1
-0.21400000 0.11120000 0.68123083 -0.41840000 0.50630000 0.69547319 -0.41710000  0.29590000 -0.19598280  0.22438173 -0.00420000  0.34580000  0.06897006  0.10372954 -0.00450000  0.09330000  0.01459745  0.01913085 -0.44350000  0.50650000  0.06785287  0.32054069
1 -1 -1 -1
-0.24830000 0.10550000 0.63424959 -0.44350000 0.50650000 0.67914715 -0.44130000  0.35040000 -0.18466382  0.27758629 -0.00910000  0.25620000  0.04712039  0.07589882 -0.00790000  0.12170000  0.01895000  0.02815461 -0.45530000  0.48610000  0.06096447  0.32552048
1 -1 -1 -1
-0.18970000 0.09550000 0.88829718 -0.45530000 0.48610000 0.67533722 -0.45140000  0.33430000 -0.18821645  0.22200378 -0.00530000  0.33090000  0.06466842  0.09088189 -0.00360000  0.11720000  0.02351579  0.02704554 -0.46600000  0.49620000  0.05697105  0.34187494
1 -1 -1 -1
-0.22260000 0.09670000 0.43475676 -0.46600000 0.49620000 0.66652365 -0.46100000  0.31380000 -0.19635235  0.21707610 -0.00070000  0.32840000  0.06636242  0.10109775  0.00000000  0.12330000  0.02364430  0.03011681 -0.45680000  0.48430000  0.06915638  0.33398273
1 -1 -1 -1
-0.20290000 0.09820000 0.87188845 -0.45680000 0.48430000 0.72074442 -0.45500000  0.39090000 -0.18094568  0.28157160 -0.01320000  0.28290000  0.04332469  0.07694762 -0.00140000  0.28720000  0.05037901  0.07288299 -0.44740000  0.52410000 -0.07500309  0.36815350
1 -1 -1 -1
-0.28940000 0.11250000 0.64166317 -0.44740000 0.52410000 0.60907841 -0.44470000  0.35210000 -0.03102701  0.25180984 -0.00650000  0.11830000  0.01782774  0.02741899  0.00240000  0.18130000  0.03760657  0.04692847 -0.46850000  0.49480000  0.06867737  0.33520859
1 -1 -1 -1
-0.17590000 0.14100000 0.63448162 -0.46850000 0.49480000 0.69181471 -0.46570000  0.29900000 -0.17665256  0.24552175 -0.00590000  0.25810000  0.03718910  0.06416839  0.00300000  0.32820000  0.06625256  0.08981200 -0.46800000  0.49270000 -0.07541538  0.36618190
1 -1 -1 -1
-0.23580000 0.11200000 1.00000000 -0.46800000 0.49270000 0.63347044 -0.46520000  0.35230000 -0.05284476  0.26623267 -0.00280000  0.14610000  0.01345385  0.02365691  0.00800000  0.30150000  0.06669161  0.07768632 -0.48900000  0.49190000 -0.06411049  0.37765474
1 -1 -1 -1
-0.19930000 0.10560000 0.66555681 -0.48900000 0.49190000 0.66289043 -0.48830000  0.34980000 -0.07333423  0.28811346 -0.00220000  0.08480000  0.01182349  0.01863334  0.00230000  0.53140000  0.11748993  0.14948279 -0.43870000  0.53130000 -0.16548255  0.33543207
1 -1 -1 -1
-0.20160000 0.09240000 0.43601599 -0.43870000 0.53140000 0.58419313 -0.43520000  0.48620000  0.00194091  0.26426521 -0.01430000  0.05360000  0.00087576  0.01046890 -0.00880000  0.28570000  0.06272803  0.08015176 -0.46620000  0.52120000 -0.00183712  0.36979910
1 -1 -1 -1
-0.35760000 0.13550000 1.00000000 -0.46620000 0.52120000 0.63834925 -0.46380000  0.44180000 -0.14068542  0.30723784 -0.00360000  0.21990000  0.03773750  0.06163631  0.00310000  0.25890000  0.05382361  0.06454970 -0.42930000  0.47540000 -0.02597431  0.34673356
1 -1 -1 -1
-0.18010000 0.11370000 0.86410122 -0.35790000 0.38240000 0.70027561 -0.35730000  0.26700000 -0.09437152  0.21211553 -0.00490000  0.15540000  0.02318354  0.04140269  0.01010000  0.25030000  0.04900949  0.06459112 -0.43440000  0.46290000 -0.05167468  0.36220078
1 -1 -1 -1
-0.20250000 0.08980000 0.62640638 -0.43440000 0.46290000 0.64615355 -0.43050000  0.33190000 -0.07195172  0.24550835  0.00050000  0.11750000  0.02081034  0.02838174 -0.00050000  0.26240000  0.05691793  0.07024698 -0.41810000  0.45520000 -0.05344207  0.34895407
1 -1 -1 -1
-0.23790000 0.10590000 0.70593681 -0.42520000 0.45520000 0.67036848 -0.42340000  0.27390000 -0.06703576  0.22765452 -0.00410000  0.07820000  0.01696026  0.02458275  0.00050000  0.42020000  0.08485762  0.10448826 -0.41660000  0.49160000 -0.10152914  0.33714341
1 -1 -1 -1
-0.25990000 0.11900000 0.40462112 -0.41660000 0.49160000 0.58485956 -0.41560000  0.30810000 -0.05260909  0.25004205 -0.00650000  0.08360000  0.01506212  0.02388987  0.01160000  0.25520000  0.05827879  0.06653035 -0.41810000  0.49450000  0.00165227  0.36712180
1 -1 -1 -1
-0.33110000 0.09100000 0.67379007 -0.41810000 0.49450000 0.66256838 -0.41750000  0.31300000 -0.14051745  0.24479294  0.00030000  0.21570000  0.04173020  0.05935130  0.00130000  0.22770000  0.04225101  0.06039186 -0.42830000  0.44850000 -0.05429732  0.36568604
1 -1 -1 -1
-0.19280000 0.11450000 0.80126715 -0.42830000 0.44850000 0.59206886 -0.42240000  0.31100000 -0.06915489  0.23015780 -0.00750000  0.16970000  0.03441729  0.04741814 -0.00520000  0.13800000  0.02754586  0.03355471 -0.46520000  0.49460000  0.07198195  0.34415266
1 -1 -1 -1
-0.14290000 0.13650000 0.56995926 -0.46520000 0.49460000 0.65458393 -0.46200000  0.32700000 -0.18297075  0.27236680  0.00200000  0.26620000  0.04374694  0.06319857  0.00910000  0.22300000  0.04428639  0.05541741 -0.38920000  0.48790000 -0.02417483  0.33916476
1 -1 -1 -1
-0.16800000 0.11090000 0.66622553 -0.38920000 0.48790000 0.60873842 -0.38370000  0.27570000 -0.10241314  0.19194858 -0.00330000  0.18190000  0.02802993  0.04952852 -0.00330000  0.13490000  0.02306350  0.03098108 -0.45160000  0.47820000  0.07584964  0.32444501
1 -1 -1 -1
-0.29480000 0.09990000 0.48327923 -0.45160000 0.47820000 0.67524643 -0.44710000  0.33810000 -0.18239342  0.26053264 -0.00360000  0.25690000  0.04250197  0.07126883  0.00460000  0.23970000  0.04733684  0.06064696 -0.45020000  0.48200000 -0.06226447  0.36592202
1 -1 -1 -1
-0.17950000 0.13090000 0.60275478 -0.45020000 0.48200000 0.58830719 -0.44380000  0.29250000 -0.05449697  0.23741701 -0.00360000  0.12980000  0.02474091  0.03190621  0.00040000  0.14120000  0.02991061  0.02926571 -0.45870000  0.48330000  0.08968106  0.32088372
1 -1 -1 -1
-0.17490000 0.11480000 0.65862322 -0.45870000 0.48330000 0.66647243 -0.45810000  0.29710000 -0.19918667  0.24347183 -0.00640000  0.28780000  0.04813067  0.07623322 -0.00010000  0.23960000  0.03938200  0.05396161 -0.39510000  0.47030000 -0.01606533  0.33406160
1 -1 -1 -1
-0.33290000 0.12970000 0.64984245 -0.39510000 0.47030000 0.66761675 -0.39320000  0.30110000 -0.08362000  0.22693428 -0.00270000  0.14070000  0.02106933  0.03312380  0.00050000  0.38900000  0.07919267  0.09932528 -0.43080000  0.42360000 -0.11970533  0.33254017
1 -1 -1 -1
-0.24040000 0.11030000 0.80918512 -0.43080000 0.42360000 0.64566278 -0.43030000  0.29610000 -0.01289586  0.22576677 -0.00690000  0.07000000  0.01003931  0.01964798  0.00470000  0.43380000  0.10337793  0.11107278 -0.44910000  0.45430000 -0.13538690  0.33134941
1 -1 -1 -1
-0.25210000 0.16710000 0.62641325 -0.44910000 0.45430000 0.62552280 -0.44380000  0.34990000 -0.00906667  0.25194313  0.00480000  0.04900000  0.01555603  0.01127736  0.00270000  0.42150000  0.10297163  0.11474009 -0.44630000  0.44620000 -0.14803901  0.35892695
1 -1 -1 -1
-0.35120000 0.15100000 0.64217997 -0.44630000 0.44620000 0.59330044 -0.44090000  0.33740000 -0.02323284  0.24238596 -0.00350000  0.06870000  0.01231791  0.01788536 -0.00190000  0.27340000  0.06327761  0.07279881 -0.44270000  0.45500000 -0.02146194  0.35144126
1 -1 -1 -1
-0.22430000 0.12770000 0.60173397 -0.44270000 0.45500000 0.62503881 -0.44250000  0.32160000 -0.11962482  0.26606142 -0.00160000  0.18920000  0.03169504  0.04841887  0.00060000  0.39420000  0.09696809  0.10988895 -0.43170000  0.48330000 -0.11016879  0.32905730
1 -1 -1 -1
-0.30990000 0.13850000 0.42013645 -0.43170000 0.48330000 0.57618952 -0.42880000  0.34810000 -0.05412481  0.27045652  0.00890000  0.12180000  0.02295969  0.02113077  0.01160000  0.25510000  0.06430465  0.06808011 -0.45430000  0.46630000 -0.01518217  0.35556740
1 -1 -1 -1