24 22 4
-0.41720000 0.39720000 0.95160437 -0.46040000 0.76520000 0.49840202 -0.45800000  0.46670000 -0.01068482  0.28811217 -0.01600000  0.17040000  0.01765625  0.04091193  0.02220000  0.76520000  0.20715446  0.22450503 -0.64960000  0.76520000 -0.17354911  0.45480544
-1 -1 1 -1
-0.61750000 0.50970000 0.46680279 -0.64960000 0.81650000 0.45206041 -0.64900000  0.72540000 -0.10885000  0.45844914  0.00050000  0.26790000  0.02693922  0.04808962  0.01220000  0.54960000  0.13797353  0.14429419 -0.66040000  0.81650000  0.00719706  0.52310606
-1 -1 1 -1
-0.85790000 0.38490000 0.46862841 -0.66040000 0.82080000 0.50267525 -0.65780000  0.65480000 -0.25131062  0.43539500 -0.00120000  0.35890000  0.06509469  0.10133159  0.01780000  0.82080000  0.18567257  0.21333915 -0.65840000  0.82080000 -0.16545575  0.48060200
-1 -1 1 -1
-0.76110000 0.37150000 0.48288565 -0.65840000 0.82450000 0.49334679 -0.65660000  0.67350000 -0.09359640  0.43381142  0.00870000  0.13700000  0.03147297  0.02485175  0.03030000  0.82450000  0.31671622  0.26960297 -0.65670000  0.56340000 -0.40265586  0.27977738
-1 -1 1 -1
-0.37250000 0.49860000 0.45985794 -0.65670000 0.77260000 0.46986437 -0.65140000  0.66360000  0.03483585  0.38031939 -0.00250000  0.04350000  0.01318491  0.01108528  0.03110000  0.77260000  0.33076415  0.25913237 -0.67560000  0.54810000 -0.40497736  0.29536736
-1 -1 1 -1
-0.20670000 0.48350000 0.47542448 -0.67560000 0.85010000 0.46401043 -0.67520000  0.65410000 -0.00200481  0.41635254  0.00630000  0.05180000  0.01681731  0.00913101  0.02120000  0.85010000  0.29686827  0.28664225 -0.65940000  0.65800000 -0.31567404  0.39316997
-1 -1 1 -1
-0.52980000 0.43550000 0.94311552 -0.65940000 0.82350000 0.46975479 -0.65390000  0.64510000 -0.03438585  0.42476230  0.00850000  0.08510000  0.02243491  0.01307413  0.02310000  0.82350000  0.31608113  0.27327636 -0.68800000  0.58500000 -0.38654811  0.34906875
-1 -1 1 -1
-0.41390000 0.44740000 0.47544966 -0.68800000 0.84410000 0.46978922 -0.68770000  0.64230000 -0.02131415  0.41226710 -0.02370000  0.04660000  0.01831792  0.02429437  0.03930000  0.84410000  0.33112642  0.27753313 -0.67400000  0.60180000 -0.38090377  0.34096282
-1 -1 1 -1
-0.72820000 0.43270000 0.50730362 -0.67400000 0.77800000 0.43191795 -0.67290000  0.76540000 -0.01286598  0.43949858  0.00620000  0.10420000  0.02796289  0.02432646  0.01710000  0.68650000  0.18192474  0.18659242 -0.64880000  0.77800000 -0.02564948  0.52223029
-1 -1 1 -1
-0.39130000 0.47800000 0.92742796 -0.64880000 0.82680000 0.49793797 -0.64690000  0.72500000 -0.25221786  0.45109575  0.00910000  0.33580000  0.06862768  0.10019084  0.02420000  0.82020000  0.19186875  0.20943789 -0.65950000  0.82680000 -0.15739286  0.52249687
-1 -1 1 -1
-0.78060000 0.33900000 0.47526484 -0.65950000 0.85970000 0.49010649 -0.65840000  0.68250000 -0.10210273  0.42730201 -0.00630000  0.13980000  0.01891000  0.02767649  0.03770000  0.85970000  0.28950000  0.28202652 -0.65870000  0.65370000 -0.34101909  0.40149623
-1 -1 1 -1
-0.58590000 0.41540000 0.93500481 -0.66180000 0.91160000 0.45610514 -0.65810000  0.65610000 -0.00992136  0.39433636  0.00090000  0.09090000  0.02292039  0.01920588  0.02450000  0.91160000  0.29342136  0.28932414 -0.67180000  0.79030000 -0.27926311  0.43448445
-1 -1 1 -1
-0.82140000 0.44110000 0.47514353 -0.67180000 0.79460000 0.47404003 -0.66950000  0.66070000 -0.11176168  0.44830797 -0.00100000  0.29590000  0.03680561  0.06295592  0.01700000  0.79460000  0.19377477  0.21392724 -0.67150000  0.79460000 -0.15130654  0.48907452
-1 -1 1 -1
-0.53880000 0.46210000 0.46720648 -0.67150000 0.77620000 0.51428595 -0.66620000  0.67570000 -0.13514655  0.44341725  0.01220000  0.26900000  0.04713966  0.06197703  0.02190000  0.77620000  0.30658190  0.26263239 -0.64500000  0.60160000 -0.42672069  0.30014695
-1 -1 1 -1
-0.64070000 0.42660000 0.46777916 -0.64500000 0.82090000 0.45202322 -0.63200000  0.66860000  0.06013529  0.36153228 -0.00410000  0.05720000  0.01535000  0.01124151  0.02550000  0.82090000  0.26733725  0.26122573 -0.66630000  0.73570000 -0.24468431  0.42322442
-1 -1 1 -1
-0.69540000 0.44840000 0.46774759 -0.66630000 0.87950000 0.46527481 -0.66000000  0.74260000 -0.13403238  0.46242827 -0.00450000  0.25350000  0.03927810  0.06844010  0.01040000  0.83700000  0.20111333  0.22253992 -0.75670000  0.87950000 -0.14557905  0.53066823
-1 -1 1 -1
-0.71980000 0.37350000 0.48303719 -0.43960000 0.73830000 0.51446762 -0.43900000  0.61760000 -0.03464609  0.32331983  0.01250000  0.21080000  0.04910696  0.05030806  0.03670000  0.73830000  0.25743478  0.23488068 -0.63280000  0.64970000 -0.32204783  0.36559035
-1 -1 1 -1
-0.42430000 0.43520000 0.49209719 -0.63280000 0.75780000 0.47751436 -0.63060000  0.67680000  0.00424206  0.37093405  0.02240000  0.11690000  0.03834579  0.02203006  0.03400000  0.75780000  0.34077570  0.24079008 -0.68580000  0.33720000 -0.46293645  0.23771358
-1 -1 1 -1
-0.74270000 0.67140000 0.45897522 -0.68580000 0.79330000 0.45627155 -0.66950000  0.81390000  0.06873301  0.38237829  0.01640000  0.09380000  0.03160777  0.01578089  0.04780000  0.79330000  0.36142427  0.23576279 -0.69090000  0.04790000 -0.49576408  0.20658212
-1 -1 1 -1
-0.97170000 0.63280000 0.46782837 -0.69090000 0.75970000 0.45270767 -0.67810000  0.75470000  0.04857549  0.39408307  0.01750000  0.11240000  0.03836961  0.02064576  0.04280000  0.75970000  0.35432549  0.22800559 -0.71700000  0.18180000 -0.46405098  0.25373217
-1 -1 1 -1
-0.79350000 0.84130000 0.45216246 -0.71700000 0.79940000 0.46904240 -0.71030000  0.80960000  0.03328774  0.40780737  0.00280000  0.10950000  0.02871792  0.02342232  0.05710000  0.79940000  0.35607736  0.24160154 -0.69880000  0.09690000 -0.48979434  0.20712035
-1 -1 1 -1
-0.92970000 0.69940000 0.46755276 -0.69880000 0.77250000 0.45763674 -0.67200000  0.83870000  0.06480194  0.38783063  0.02640000  0.09390000  0.03907864  0.01434377  0.04380000  0.77250000  0.35748835  0.23280597 -0.68400000 -0.06230000 -0.49284272  0.19522325
-1 -1 1 -1
-0.95200000 0.80580000 0.46812038 -0.68400000 0.76090000 0.43570004 -0.66590000  0.78990000  0.05699388  0.38333064  0.00830000  0.11600000  0.03366837  0.02373693  0.04050000  0.76090000  0.28189286  0.23611007 -0.64750000  0.66210000 -0.24713878  0.39170791
-1 -1 1 -1
-0.56100000 0.63240000 0.45193882 -0.64750000 0.77440000 0.48997164 -0.64610000  0.72780000 -0.11927364  0.45433409  0.01770000  0.22000000  0.05226000  0.04999467  0.03440000  0.77440000  0.31579273  0.25146997 -0.67010000  0.55420000 -0.41194909  0.29763088
-1 -1 1 -1