114 22 4
-0.30430000 0.12140000 1.00000000 -0.37800000 0.43910000 0.71223001 -0.37780000  0.34970000 -0.02803687  0.22605722 -0.00820000  0.08070000  0.01304687  0.02012579 -0.00230000  0.46150000  0.08454750  0.11432467 -0.42090000  0.48440000 -0.09903813  0.30991328
1 -1 -1 -1
-0.17680000 0.08700000 0.73611755 -0.42870000 0.48440000 0.66165199 -0.42660000  0.33160000 -0.06511141  0.25850180 -0.01490000  0.14360000  0.02040403  0.03921842  0.00610000  0.11060000  0.02252617  0.02391655 -0.39150000  0.49620000  0.08005369  0.30205580
1 -1 -1 -1
-0.23890000 0.09560000 0.90410004 -0.39150000 0.49620000 0.75327120 -0.38780000  0.03660000 -0.22435799  0.15798714 -0.00440000  0.33960000  0.08685621  0.09960295 -0.01140000  0.07400000  0.01250769  0.02350859 -0.43590000  0.57370000  0.04410296  0.33095982
1 -1 -1 -1
-0.20380000 0.11510000 0.48322001 -0.43590000 0.57370000 0.72090006 -0.42710000  0.28990000 -0.15553333  0.23333382 -0.00140000  0.27090000  0.05713827  0.07507664 -0.01120000  0.21360000  0.03646235  0.05917862 -0.45610000  0.53030000 -0.03312037  0.37732090
1 -1 -1 -1
-0.26630000 0.10720000 0.84010639 -0.45610000 0.53030000 0.63397236 -0.45360000  0.37340000 -0.07187063  0.28209054 -0.00550000  0.15330000  0.01540769  0.03291947  0.00640000  0.16970000  0.03324825  0.04205374 -0.41490000  0.51910000  0.02382517  0.34786511
1 -1 -1 -1
-0.19250000 0.11760000 0.64898720 -0.41490000 0.51910000 0.63802357 -0.41110000  0.34410000 -0.16788958  0.26070950 -0.00780000  0.29730000  0.04231111  0.08095936  0.00400000  0.08970000  0.02223889  0.01623994 -0.44560000  0.53270000  0.09922639  0.31980800
1 -1 -1 -1
-0.32350000 0.11170000 1.00000000 -0.44560000 0.53270000 0.65827646 -0.44460000  0.20520000 -0.24038514  0.20974457 -0.01480000  0.35800000  0.07302770  0.10253263  0.00270000  0.13980000  0.02263919  0.03037046 -0.43180000  0.50720000  0.06645946  0.32856129
1 -1 -1 -1
-0.38940000 0.08540000 0.88683395 -0.43180000 0.50720000 0.63789082 -0.43020000  0.39150000 -0.19965972  0.27140649 -0.00180000  0.31800000  0.05948750  0.08775625  0.00240000  0.22820000  0.04951458  0.05783500 -0.40660000  0.50560000 -0.01310972  0.34490378
1 -1 -1 -1
-0.17940000 0.07680000 0.50007038 -0.40660000 0.50560000 0.62523718 -0.40640000  0.29360000 -0.15240638  0.21288869 -0.00890000  0.26930000  0.05292128  0.07765271 -0.00440000  0.10730000  0.02338794  0.02513403 -0.43460000  0.52260000  0.08357943  0.31814253
1 -1 -1 -1
-0.24010000 0.09760000 0.68941841 -0.43460000 0.52260000 0.68387842 -0.42930000  0.07610000 -0.23090649  0.16557679 -0.00470000  0.30220000  0.08638312  0.09080205 -0.00600000  0.07390000  0.01414286  0.01555740 -0.45810000  0.49390000  0.05654740  0.31982347
1 -1 -1 -1
-0.24120000 0.12370000 0.68929682 -0.45810000 0.49390000 0.70304117 -0.45790000  0.31690000 -0.17629873  0.22362326 -0.02340000  0.31690000  0.04602405  0.08172033  0.00730000  0.13600000  0.03117722  0.02557625 -0.42050000  0.51650000  0.02032025  0.35134934
1 -1 -1 -1
-0.22930000 0.08380000 0.88776321 -0.42050000 0.51650000 0.66742516 -0.41820000  0.29890000 -0.14267200  0.22370698  0.00500000  0.23680000  0.05345933  0.06782532  0.00150000  0.10910000  0.01742200  0.02345262 -0.40750000  0.48310000  0.08678200  0.29470119
1 -1 -1 -1
-0.20680000 0.11990000 0.48358040 -0.40750000 0.48310000 0.69511404 -0.40450000  0.17840000 -0.23892372  0.19543615 -0.00130000  0.33240000  0.08330577  0.10470295  0.00010000  0.10260000  0.01856603  0.02067006 -0.41840000  0.50630000  0.06262372  0.31172335
1 -1 -1 -1
-0.21400000 0.11120000 0.68123083 -0.41840000 0.50630000 0.69547319 -0.41710000  0.29590000 -0.19598280  0.22438173 -0.00420000  0.34580000  0.06897006  0.10372954 -0.00450000  0.09330000  0.01459745  0.01913085 -0.44350000  0.50650000  0.06785287  0.32054069
1 -1 -1 -1
-0.24830000 0.10550000 0.63424959 -0.44350000 0.50650000 0.67914715 -0.44130000  0.35040000 -0.18466382  0.27758629 -0.00910000  0.25620000  0.04712039  0.07589882 -0.00790000  0.12170000  0.01895000  0.02815461 -0.45530000  0.48610000  0.06096447  0.32552048
1 -1 -1 -1
-0.18970000 0.09550000 0.88829718 -0.45530000 0.48610000 0.67533722 -0.45140000  0.33430000 -0.18821645  0.22200378 -0.00530000  0.33090000  0.06466842  0.09088189 -0.00360000  0.11720000  0.02351579  0.02704554 -0.46600000  0.49620000  0.05697105  0.34187494
1 -1 -1 -1
-0.22260000 0.09670000 0.43475676 -0.46600000 0.49620000 0.66652365 -0.46100000  0.31380000 -0.19635235  0.21707610 -0.00070000  0.32840000  0.06636242  0.10109775  0.00000000  0.12330000  0.02364430  0.03011681 -0.45680000  0.48430000  0.06915638  0.33398273
1 -1 -1 -1
-0.20290000 0.09820000 0.87188845 -0.45680000 0.48430000 0.72074442 -0.45500000  0.39090000 -0.18094568  0.28157160 -0.01320000  0.28290000  0.04332469  0.07694762 -0.00140000  0.28720000  0.05037901  0.07288299 -0.44740000  0.52410000 -0.07500309  0.36815350
1 -1 -1 -1
-0.28940000 0.11250000 0.64166317 -0.44740000 0.52410000 0.60907841 -0.44470000  0.35210000 -0.03102701  0.25180984 -0.00650000  0.11830000  0.01782774  0.02741899  0.00240000  0.18130000  0.03760657  0.04692847 -0.46850000  0.49480000  0.06867737  0.33520859
1 -1 -1 -1
-0.17590000 0.14100000 0.63448162 -0.46850000 0.49480000 0.69181471 -0.46570000  0.29900000 -0.17665256  0.24552175 -0.00590000  0.25810000  0.03718910  0.06416839  0.00300000  0.32820000  0.06625256  0.08981200 -0.46800000  0.49270000 -0.07541538  0.36618190
1 -1 -1 -1
-0.23580000 0.11200000 1.00000000 -0.46800000 0.49270000 0.63347044 -0.46520000  0.35230000 -0.05284476  0.26623267 -0.00280000  0.14610000  0.01345385  0.02365691  0.00800000  0.30150000  0.06669161  0.07768632 -0.48900000  0.49190000 -0.06411049  0.37765474
1 -1 -1 -1
-0.19930000 0.10560000 0.66555681 -0.48900000 0.49190000 0.66289043 -0.48830000  0.34980000 -0.07333423  0.28811346 -0.00220000  0.08480000  0.01182349  0.01863334  0.00230000  0.53140000  0.11748993  0.14948279 -0.43870000  0.53130000 -0.16548255  0.33543207
1 -1 -1 -1
-0.20160000 0.09240000 0.43601599 -0.43870000 0.53140000 0.58419313 -0.43520000  0.48620000  0.00194091  0.26426521 -0.01430000  0.05360000  0.00087576  0.01046890 -0.00880000  0.28570000  0.06272803  0.08015176 -0.46620000  0.52120000 -0.00183712  0.36979910
1 -1 -1 -1
-0.35760000 0.13550000 1.00000000 -0.46620000 0.52120000 0.63834925 -0.46380000  0.44180000 -0.14068542  0.30723784 -0.00360000  0.21990000  0.03773750  0.06163631  0.00310000  0.25890000  0.05382361  0.06454970 -0.42930000  0.47540000 -0.02597431  0.34673356
1 -1 -1 -1
-0.18010000 0.11370000 0.86410122 -0.35790000 0.38240000 0.70027561 -0.35730000  0.26700000 -0.09437152  0.21211553 -0.00490000  0.15540000  0.02318354  0.04140269  0.01010000  0.25030000  0.04900949  0.06459112 -0.43440000  0.46290000 -0.05167468  0.36220078
1 -1 -1 -1
-0.20250000 0.08980000 0.62640638 -0.43440000 0.46290000 0.64615355 -0.43050000  0.33190000 -0.07195172  0.24550835  0.00050000  0.11750000  0.02081034  0.02838174 -0.00050000  0.26240000  0.05691793  0.07024698 -0.41810000  0.45520000 -0.05344207  0.34895407
1 -1 -1 -1
-0.23790000 0.10590000 0.70593681 -0.42520000 0.45520000 0.67036848 -0.42340000  0.27390000 -0.06703576  0.22765452 -0.00410000  0.07820000  0.01696026  0.02458275  0.00050000  0.42020000  0.08485762  0.10448826 -0.41660000  0.49160000 -0.10152914  0.33714341
1 -1 -1 -1
-0.25990000 0.11900000 0.40462112 -0.41660000 0.49160000 0.58485956 -0.41560000  0.30810000 -0.05260909  0.25004205 -0.00650000  0.08360000  0.01506212  0.02388987  0.01160000  0.25520000  0.05827879  0.06653035 -0.41810000  0.49450000  0.00165227  0.36712180
1 -1 -1 -1
-0.33110000 0.09100000 0.67379007 -0.41810000 0.49450000 0.66256838 -0.41750000  0.31300000 -0.14051745  0.24479294  0.00030000  0.21570000  0.04173020  0.05935130  0.00130000  0.22770000  0.04225101  0.06039186 -0.42830000  0.44850000 -0.05429732  0.36568604
1 -1 -1 -1
-0.19280000 0.11450000 0.80126715 -0.42830000 0.44850000 0.59206886 -0.42240000  0.31100000 -0.06915489  0.23015780 -0.00750000  0.16970000  0.03441729  0.04741814 -0.00520000  0.13800000  0.02754586  0.03355471 -0.46520000  0.49460000  0.07198195  0.34415266
1 -1 -1 -1
-0.14290000 0.13650000 0.56995926 -0.46520000 0.49460000 0.65458393 -0.46200000  0.32700000 -0.18297075  0.27236680  0.00200000  0.26620000  0.04374694  0.06319857  0.00910000  0.22300000  0.04428639  0.05541741 -0.38920000  0.48790000 -0.02417483  0.33916476
1 -1 -1 -1
-0.16800000 0.11090000 0.66622553 -0.38920000 0.48790000 0.60873842 -0.38370000  0.27570000 -0.10241314  0.19194858 -0.00330000  0.18190000  0.02802993  0.04952852 -0.00330000  0.13490000  0.02306350  0.03098108 -0.45160000  0.47820000  0.07584964  0.32444501
1 -1 -1 -1
-0.29480000 0.09990000 0.48327923 -0.45160000 0.47820000 0.67524643 -0.44710000  0.33810000 -0.18239342  0.26053264 -0.00360000  0.25690000  0.04250197  0.07126883  0.00460000  0.23970000  0.04733684  0.06064696 -0.45020000  0.48200000 -0.06226447  0.36592202
1 -1 -1 -1
-0.17950000 0.13090000 0.60275478 -0.45020000 0.48200000 0.58830719 -0.44380000  0.29250000 -0.05449697  0.23741701 -0.00360000  0.12980000  0.02474091  0.03190621  0.00040000  0.14120000  0.02991061  0.02926571 -0.45870000  0.48330000  0.08968106  0.32088372
1 -1 -1 -1
-0.17490000 0.11480000 0.65862322 -0.45870000 0.48330000 0.66647243 -0.45810000  0.29710000 -0.19918667  0.24347183 -0.00640000  0.28780000  0.04813067  0.07623322 -0.00010000  0.23960000  0.03938200  0.05396161 -0.39510000  0.47030000 -0.01606533  0.33406160
1 -1 -1 -1
-0.33290000 0.12970000 0.64984245 -0.39510000 0.47030000 0.66761675 -0.39320000  0.30110000 -0.08362000  0.22693428 -0.00270000  0.14070000  0.02106933  0.03312380  0.00050000  0.38900000  0.07919267  0.09932528 -0.43080000  0.42360000 -0.11970533  0.33254017
1 -1 -1 -1
-0.24040000 0.11030000 0.80918512 -0.43080000 0.42360000 0.64566278 -0.43030000  0.29610000 -0.01289586  0.22576677 -0.00690000  0.07000000  0.01003931  0.01964798  0.00470000  0.43380000  0.10337793  0.11107278 -0.44910000  0.45430000 -0.13538690  0.33134941
1 -1 -1 -1
-0.25210000 0.16710000 0.62641325 -0.44910000 0.45430000 0.62552280 -0.44380000  0.34990000 -0.00906667  0.25194313  0.00480000  0.04900000  0.01555603  0.01127736  0.00270000  0.42150000  0.10297163  0.11474009 -0.44630000  0.44620000 -0.14803901  0.35892695
1 -1 -1 -1
-0.35120000 0.15100000 0.64217997 -0.44630000 0.44620000 0.59330044 -0.44090000  0.33740000 -0.02323284  0.24238596 -0.00350000  0.06870000  0.01231791  0.01788536 -0.00190000  0.27340000  0.06327761  0.07279881 -0.44270000  0.45500000 -0.02146194  0.35144126
1 -1 -1 -1
-0.22430000 0.12770000 0.60173397 -0.44270000 0.45500000 0.62503881 -0.44250000  0.32160000 -0.11962482  0.26606142 -0.00160000  0.18920000  0.03169504  0.04841887  0.00060000  0.39420000  0.09696809  0.10988895 -0.43170000  0.48330000 -0.11016879  0.32905730
1 -1 -1 -1
-0.30990000 0.13850000 0.42013645 -0.43170000 0.48330000 0.57618952 -0.42880000  0.34810000 -0.05412481  0.27045652  0.00890000  0.12180000  0.02295969  0.02113077  0.01160000  0.25510000  0.06430465  0.06808011 -0.45430000  0.46630000 -0.01518217  0.35556740
1 -1 -1 -1
-0.22560000 0.19720000 0.58735886 -0.34630000 0.55150000 0.60930042 -0.34530000  0.34220000 -0.00882117  0.21899941 -0.00210000  0.06480000  0.01042117  0.01551628  0.00280000  0.46460000  0.10346277  0.12320709 -0.49110000  0.55150000 -0.11254088  0.39496953
-1 1 -1 -1
-0.30120000 0.18380000 0.57029400 -0.49110000 0.63760000 0.54755602 -0.48940000  0.43530000 -0.06748618  0.30971796  0.00030000  0.14820000  0.02556179  0.03692864  0.00730000  0.27650000  0.06695041  0.07237029 -0.50600000  0.63760000  0.03620000  0.41902374
-1 1 -1 -1
-0.30880000 0.18880000 0.57102518 -0.50600000 0.66890000 0.59218082 -0.50450000  0.43550000 -0.20026842  0.30969502 -0.01460000  0.30490000  0.04993985  0.09183572 -0.00180000  0.26160000  0.05634737  0.06572134 -0.50540000  0.66890000  0.00636917  0.43709566
-1 1 -1 -1
-0.25380000 0.18000000 0.56186476 -0.50540000 0.59720000 0.53893318 -0.50520000  0.46270000 -0.15260496  0.32796603  0.00110000  0.27510000  0.04390579  0.06841630  0.00480000  0.19110000  0.05412231  0.05280220 -0.50740000  0.59720000  0.08240744  0.39575986
-1 1 -1 -1
-0.32270000 0.18300000 0.56335001 -0.50740000 0.66000000 0.59293842 -0.50160000  0.42820000 -0.23294030  0.29611475 -0.00250000  0.39330000  0.06623582  0.10271697  0.00690000  0.28070000  0.06407463  0.07460325 -0.49620000  0.66000000 -0.01945299  0.43732462
-1 1 -1 -1
-0.21250000 0.20540000 0.57081680 -0.49620000 0.65040000 0.58005238 -0.49550000  0.46080000 -0.12325038  0.33699864 -0.00790000  0.22210000  0.02537252  0.05456859  0.00980000  0.65040000  0.14906718  0.17368890 -0.48750000  0.65040000 -0.17085649  0.37644434
-1 1 -1 -1
-0.32910000 0.18060000 0.55430756 -0.48750000 0.61190000 0.53133354 -0.48690000  0.41810000 -0.05406555  0.32345659  0.00080000  0.07060000  0.01290084  0.01761428  0.00700000  0.28410000  0.07287647  0.07037994 -0.47130000  0.61190000  0.05677059  0.40044307
-1 1 -1 -1
-0.16610000 0.14300000 0.58665085 -0.47130000 0.62040000 0.57620487 -0.46980000  0.45280000 -0.23131462  0.28840656 -0.00380000  0.35030000  0.07056462  0.10518390  0.00540000  0.26970000  0.05952385  0.06704640 -0.54640000  0.62040000  0.01304077  0.41967808
-1 1 -1 -1
-0.25300000 0.15350000 0.57838278 -0.54640000 0.64510000 0.56854000 -0.54100000  0.43690000 -0.18651250  0.31368805  0.00410000  0.34100000  0.06071406  0.09022765  0.00900000  0.20320000  0.04754297  0.05233274 -0.55110000  0.64510000  0.03955312  0.43409230
-1 1 -1 -1
-0.18300000 0.18730000 0.55438242 -0.55110000 0.67760000 0.62056837 -0.54550000  0.37460000 -0.19387914  0.30565378 -0.01130000  0.28310000  0.05198489  0.08111710  0.01310000  0.48530000  0.09532950  0.11484039 -0.52120000  0.67760000 -0.12076043  0.44420356
-1 1 -1 -1
-0.34620000 0.16800000 0.53951998 -0.52120000 0.66210000 0.52779360 -0.51430000  0.50740000 -0.02643445  0.32760245 -0.00580000  0.11260000  0.01708151  0.02515453  0.01970000  0.54810000  0.11804706  0.12790646 -0.50900000  0.66210000 -0.06341092  0.44000620
-1 1 -1 -1
-0.38490000 0.19070000 0.57813444 -0.50900000 0.64580000 0.55534000 -0.50760000  0.42060000 -0.15277760  0.32398796  0.00330000  0.24210000  0.03701040  0.06028406  0.01030000  0.30970000  0.06900000  0.07529512 -0.54680000  0.64580000  0.00670080  0.43746777
-1 1 -1 -1
-0.20300000 0.20510000 1.00000000 -0.54680000 0.70920000 0.55102758 -0.53740000  0.40080000 -0.18355645  0.29434673  0.00270000  0.28450000  0.05912016  0.07673279  0.01080000  0.26930000  0.06213629  0.06928971 -0.57160000  0.70920000  0.02923629  0.45142163
-1 1 -1 -1
-0.24700000 0.18450000 0.56263914 -0.57160000 0.63680000 0.55153923 -0.56270000  0.48880000 -0.19577742  0.33949645 -0.00160000  0.30770000  0.04821129  0.07833977  0.01660000  0.24500000  0.06088468  0.06071899 -0.50690000  0.63680000  0.02843710  0.42172275
-1 1 -1 -1
-0.28910000 0.19410000 0.57084484 -0.50690000 0.63660000 0.55657234 -0.50330000  0.36310000 -0.22369286  0.25988694  0.00430000  0.36520000  0.07501190  0.10407668  0.00470000  0.15690000  0.02854524  0.02963864 -0.47930000  0.63660000  0.11849762  0.38479216
-1 1 -1 -1
-0.25540000 0.18480000 0.54675560 -0.47930000 0.56920000 0.62921600 -0.47920000  0.46520000 -0.22885745  0.29257459  0.00030000  0.38350000  0.05535745  0.09010639  0.01180000  0.56920000  0.15483688  0.17277706 -0.51750000  0.55190000 -0.21715887  0.35833544
-1 1 -1 -1
-0.46560000 0.17370000 1.00000000 -0.51750000 0.63520000 0.52241001 -0.51450000  0.50100000  0.00980085  0.30638347 -0.00190000  0.03080000  0.00787265  0.00538854  0.01100000  0.45610000  0.10925983  0.11721640 -0.49510000  0.63520000 -0.04266581  0.43313320
-1 1 -1 -1
-0.09950000 0.15970000 0.53083038 -0.49510000 0.59740000 0.55191364 -0.48700000  0.39860000 -0.15866371  0.30679455 -0.00670000  0.26660000  0.04231774  0.07029146  0.00370000  0.20920000  0.05598306  0.05759443 -0.50060000  0.59740000  0.05366048  0.40406370
-1 1 -1 -1
-0.20230000 0.19270000 1.00000000 -0.50060000 0.61290000 0.59715080 -0.50050000  0.46040000 -0.17332963  0.33916807 -0.00250000  0.22420000  0.03403852  0.05571089  0.01600000  0.61290000  0.14310667  0.17079671 -0.50510000  0.59130000 -0.19490074  0.37052162
-1 1 -1 -1
-0.24560000 0.20880000 0.55473204 -0.50510000 0.61420000 0.51404963 -0.50370000  0.48690000 -0.01586724  0.31204834  0.00020000  0.14100000  0.01829052  0.02559276  0.01790000  0.43770000  0.10809741  0.11175887 -0.50580000  0.61420000 -0.02188448  0.42296901
-1 1 -1 -1
-0.23700000 0.20670000 0.56280794 -0.50580000 0.62960000 0.58022833 -0.50330000  0.43330000 -0.14538692  0.32114026 -0.00650000  0.16980000  0.01907385  0.03697581  0.01350000  0.62960000  0.15169385  0.17310532 -0.56540000  0.62850000 -0.18678846  0.40809521
-1 1 -1 -1
-0.60390000 0.23650000 1.00000000 -0.54030000 0.62170000 0.51424437 -0.53780000  0.41610000 -0.04386810  0.31307902  0.00710000  0.09480000  0.02403793  0.02066041  0.02460000  0.65350000  0.16964397  0.17877684 -0.51060000  0.65350000 -0.16318879  0.40189243
-1 1 -1 -1
-0.47560000 0.28890000 1.00000000 -0.51060000 0.65350000 0.53142595 -0.50890000  0.47230000 -0.07311917  0.31756309  0.00040000  0.11250000  0.02277917  0.02462142  0.02060000  0.61630000  0.19357250  0.18961903 -0.50650000  0.56970000 -0.23138250  0.35304871
-1 1 -1 -1
-0.57630000 0.26920000 1.00000000 -0.50650000 0.61630000 0.53456163 -0.49380000  0.41190000 -0.03602917  0.30588048  0.00230000  0.09990000  0.02160833  0.02080477  0.02250000  0.63020000  0.17673167  0.17083890 -0.53890000  0.63420000 -0.19420333  0.41165237
-1 1 -1 -1
-0.36930000 0.25030000 0.53043604 -0.53890000 0.63420000 0.52267046 -0.53520000  0.44250000 -0.04086525  0.32644435  0.00210000  0.15090000  0.02769915  0.03445094  0.01660000  0.38890000  0.10753559  0.10173689 -0.54380000  0.62130000 -0.04132458  0.43915176
-1 1 -1 -1
-0.55730000 0.25110000 0.53147154 -0.54380000 0.62130000 0.54389877 -0.54350000  0.49720000 -0.15050650  0.36910596 -0.00050000  0.24380000  0.04746748  0.06771128  0.02370000  0.58630000  0.15270325  0.15562474 -0.59130000  0.63990000 -0.16820244  0.43154514
-1 1 -1 -1
-0.41720000 0.39720000 0.95160437 -0.46040000 0.76520000 0.49840202 -0.45800000  0.46670000 -0.01068482  0.28811217 -0.01600000  0.17040000  0.01765625  0.04091193  0.02220000  0.76520000  0.20715446  0.22450503 -0.64960000  0.76520000 -0.17354911  0.45480544
-1 -1 1 -1
-0.61750000 0.50970000 0.46680279 -0.64960000 0.81650000 0.45206041 -0.64900000  0.72540000 -0.10885000  0.45844914  0.00050000  0.26790000  0.02693922  0.04808962  0.01220000  0.54960000  0.13797353  0.14429419 -0.66040000  0.81650000  0.00719706  0.52310606
-1 -1 1 -1
-0.85790000 0.38490000 0.46862841 -0.66040000 0.82080000 0.50267525 -0.65780000  0.65480000 -0.25131062  0.43539500 -0.00120000  0.35890000  0.06509469  0.10133159  0.01780000  0.82080000  0.18567257  0.21333915 -0.65840000  0.82080000 -0.16545575  0.48060200
-1 -1 1 -1
-0.76110000 0.37150000 0.48288565 -0.65840000 0.82450000 0.49334679 -0.65660000  0.67350000 -0.09359640  0.43381142  0.00870000  0.13700000  0.03147297  0.02485175  0.03030000  0.82450000  0.31671622  0.26960297 -0.65670000  0.56340000 -0.40265586  0.27977738
-1 -1 1 -1
-0.37250000 0.49860000 0.45985794 -0.65670000 0.77260000 0.46986437 -0.65140000  0.66360000  0.03483585  0.38031939 -0.00250000  0.04350000  0.01318491  0.01108528  0.03110000  0.77260000  0.33076415  0.25913237 -0.67560000  0.54810000 -0.40497736  0.29536736
-1 -1 1 -1
-0.20670000 0.48350000 0.47542448 -0.67560000 0.85010000 0.46401043 -0.67520000  0.65410000 -0.00200481  0.41635254  0.00630000  0.05180000  0.01681731  0.00913101  0.02120000  0.85010000  0.29686827  0.28664225 -0.65940000  0.65800000 -0.31567404  0.39316997
-1 -1 1 -1
-0.52980000 0.43550000 0.94311552 -0.65940000 0.82350000 0.46975479 -0.65390000  0.64510000 -0.03438585  0.42476230  0.00850000  0.08510000  0.02243491  0.01307413  0.02310000  0.82350000  0.31608113  0.27327636 -0.68800000  0.58500000 -0.38654811  0.34906875
-1 -1 1 -1
-0.41390000 0.44740000 0.47544966 -0.68800000 0.84410000 0.46978922 -0.68770000  0.64230000 -0.02131415  0.41226710 -0.02370000  0.04660000  0.01831792  0.02429437  0.03930000  0.84410000  0.33112642  0.27753313 -0.67400000  0.60180000 -0.38090377  0.34096282
-1 -1 1 -1
-0.72820000 0.43270000 0.50730362 -0.67400000 0.77800000 0.43191795 -0.67290000  0.76540000 -0.01286598  0.43949858  0.00620000  0.10420000  0.02796289  0.02432646  0.01710000  0.68650000  0.18192474  0.18659242 -0.64880000  0.77800000 -0.02564948  0.52223029
-1 -1 1 -1
-0.39130000 0.47800000 0.92742796 -0.64880000 0.82680000 0.49793797 -0.64690000  0.72500000 -0.25221786  0.45109575  0.00910000  0.33580000  0.06862768  0.10019084  0.02420000  0.82020000  0.19186875  0.20943789 -0.65950000  0.82680000 -0.15739286  0.52249687
-1 -1 1 -1
-0.78060000 0.33900000 0.47526484 -0.65950000 0.85970000 0.49010649 -0.65840000  0.68250000 -0.10210273  0.42730201 -0.00630000  0.13980000  0.01891000  0.02767649  0.03770000  0.85970000  0.28950000  0.28202652 -0.65870000  0.65370000 -0.34101909  0.40149623
-1 -1 1 -1
-0.58590000 0.41540000 0.93500481 -0.66180000 0.91160000 0.45610514 -0.65810000  0.65610000 -0.00992136  0.39433636  0.00090000  0.09090000  0.02292039  0.01920588  0.02450000  0.91160000  0.29342136  0.28932414 -0.67180000  0.79030000 -0.27926311  0.43448445
-1 -1 1 -1
-0.82140000 0.44110000 0.47514353 -0.67180000 0.79460000 0.47404003 -0.66950000  0.66070000 -0.11176168  0.44830797 -0.00100000  0.29590000  0.03680561  0.06295592  0.01700000  0.79460000  0.19377477  0.21392724 -0.67150000  0.79460000 -0.15130654  0.48907452
-1 -1 1 -1
-0.53880000 0.46210000 0.46720648 -0.67150000 0.77620000 0.51428595 -0.66620000  0.67570000 -0.13514655  0.44341725  0.01220000  0.26900000  0.04713966  0.06197703  0.02190000  0.77620000  0.30658190  0.26263239 -0.64500000  0.60160000 -0.42672069  0.30014695
-1 -1 1 -1
-0.64070000 0.42660000 0.46777916 -0.64500000 0.82090000 0.45202322 -0.63200000  0.66860000  0.06013529  0.36153228 -0.00410000  0.05720000  0.01535000  0.01124151  0.02550000  0.82090000  0.26733725  0.26122573 -0.66630000  0.73570000 -0.24468431  0.42322442
-1 -1 1 -1
-0.69540000 0.44840000 0.46774759 -0.66630000 0.87950000 0.46527481 -0.66000000  0.74260000 -0.13403238  0.46242827 -0.00450000  0.25350000  0.03927810  0.06844010  0.01040000  0.83700000  0.20111333  0.22253992 -0.75670000  0.87950000 -0.14557905  0.53066823
-1 -1 1 -1
-0.71980000 0.37350000 0.48303719 -0.43960000 0.73830000 0.51446762 -0.43900000  0.61760000 -0.03464609  0.32331983  0.01250000  0.21080000  0.04910696  0.05030806  0.03670000  0.73830000  0.25743478  0.23488068 -0.63280000  0.64970000 -0.32204783  0.36559035
-1 -1 1 -1
-0.42430000 0.43520000 0.49209719 -0.63280000 0.75780000 0.47751436 -0.63060000  0.67680000  0.00424206  0.37093405  0.02240000  0.11690000  0.03834579  0.02203006  0.03400000  0.75780000  0.34077570  0.24079008 -0.68580000  0.33720000 -0.46293645  0.23771358
-1 -1 1 -1
-0.74270000 0.67140000 0.45897522 -0.68580000 0.79330000 0.45627155 -0.66950000  0.81390000  0.06873301  0.38237829  0.01640000  0.09380000  0.03160777  0.01578089  0.04780000  0.79330000  0.36142427  0.23576279 -0.69090000  0.04790000 -0.49576408  0.20658212
-1 -1 1 -1
-0.97170000 0.63280000 0.46782837 -0.69090000 0.75970000 0.45270767 -0.67810000  0.75470000  0.04857549  0.39408307  0.01750000  0.11240000  0.03836961  0.02064576  0.04280000  0.75970000  0.35432549  0.22800559 -0.71700000  0.18180000 -0.46405098  0.25373217
-1 -1 1 -1
-0.79350000 0.84130000 0.45216246 -0.71700000 0.79940000 0.46904240 -0.71030000  0.80960000  0.03328774  0.40780737  0.00280000  0.10950000  0.02871792  0.02342232  0.05710000  0.79940000  0.35607736  0.24160154 -0.69880000  0.09690000 -0.48979434  0.20712035
-1 -1 1 -1
-0.92970000 0.69940000 0.46755276 -0.69880000 0.77250000 0.45763674 -0.67200000  0.83870000  0.06480194  0.38783063  0.02640000  0.09390000  0.03907864  0.01434377  0.04380000  0.77250000  0.35748835  0.23280597 -0.68400000 -0.06230000 -0.49284272  0.19522325
-1 -1 1 -1
-0.95200000 0.80580000 0.46812038 -0.68400000 0.76090000 0.43570004 -0.66590000  0.78990000  0.05699388  0.38333064  0.00830000  0.11600000  0.03366837  0.02373693  0.04050000  0.76090000  0.28189286  0.23611007 -0.64750000  0.66210000 -0.24713878  0.39170791
-1 -1 1 -1
-0.56100000 0.63240000 0.45193882 -0.64750000 0.77440000 0.48997164 -0.64610000  0.72780000 -0.11927364  0.45433409  0.01770000  0.22000000  0.05226000  0.04999467  0.03440000  0.77440000  0.31579273  0.25146997 -0.67010000  0.55420000 -0.41194909  0.29763088
-1 -1 1 -1
-0.57650000 0.57090000 0.38903837 -0.68270000 0.74440000 0.35305796 -0.68050000  0.75070000 -0.06669625  0.47380140  0.01240000  0.30760000  0.06327125  0.07787472  0.03630000  0.82880000  0.23623750  0.22358939 -0.87740000  0.98400000  0.00421500  0.68389639
-1 -1 -1 1
-0.90180000 0.71280000 0.37997761 -0.87740000 0.98400000 0.42410288 -0.87360000  0.96850000 -0.39627368  0.54403713  0.02430000  0.96850000  0.13640316  0.17475418  0.04170000  0.98890000  0.40184211  0.33091071 -0.83750000  0.60220000 -0.49107158  0.39738774
-1 -1 -1 1
-0.99910000 0.73350000 0.38078318 -0.83750000 0.98890000 0.38337917 -0.83040000  0.97000000  0.01208837  0.50017335  0.02620000  0.20040000  0.05863721  0.04338175  0.05170000  0.94190000  0.47009884  0.28400505 -0.78030000  0.05570000 -0.57466860  0.24359166
-1 -1 -1 1
-0.72250000 0.66170000 0.38061123 -0.78030000 0.94190000 0.38300238 -0.77770000  0.95430000  0.01008605  0.51096514  0.01840000  0.14980000  0.05545698  0.02518443  0.01320000  0.98790000  0.46844535  0.30892633 -0.87770000  0.01320000 -0.57766744  0.25158000
-1 -1 -1 1
-0.87650000 0.84150000 0.38874645 -0.88550000 0.98790000 0.38615799 -0.88470000  0.99080000  0.01867241  0.52327937  0.02630000  0.15700000  0.04837586  0.02702918  0.04350000  0.99530000  0.46545517  0.31758423 -0.87010000  0.10110000 -0.59082874  0.27616030
-1 -1 -1 1
-0.99980000 0.76970000 0.38823557 -0.87010000 0.99530000 0.38736877 -0.86010000  0.96450000  0.02367701  0.49953354  0.00800000  0.13630000  0.04219310  0.02362187 -0.01620000  0.98770000  0.46913218  0.30748751 -0.81660000 -0.01620000 -0.58184253  0.24742748
-1 -1 -1 1
-0.79910000 0.65170000 0.39621477 -0.81660000 0.98770000 0.39846525 -0.81070000  0.93920000  0.02223667  0.49259868 -0.00260000  0.13740000  0.05106444  0.03024669 -0.06120000  0.99330000  0.45786667  0.31936688 -0.85290000 -0.15440000 -0.63605667  0.23612926
-1 -1 -1 1
-0.58200000 0.70310000 0.38816605 -0.85290000 0.99330000 0.38684082 -0.82320000  0.99110000  0.08040115  0.48687692  0.00730000  0.08830000  0.03836437  0.01709714  0.02310000  0.97760000  0.46959080  0.29799196 -0.80920000  0.02310000 -0.58985172  0.25965562
-1 -1 -1 1
-0.55910000 0.76590000 0.39719553 -0.80920000 0.97760000 0.40417280 -0.80410000  0.98400000  0.02242198  0.50611855  0.02230000  0.16440000  0.05097473  0.02680130 -0.02770000  0.96020000  0.44759121  0.30022299 -0.82730000 -0.02770000 -0.60780000  0.22404411
-1 -1 -1 1
-0.69510000 0.79190000 0.40383167 -0.82730000 0.96020000 0.39909554 -0.82360000  0.97880000  0.06245444  0.48648964 -0.00300000  0.09920000  0.03649111  0.02169040 -0.09310000  0.97840000  0.45076556  0.32251585 -0.90980000 -0.18150000 -0.62844222  0.22727315
-1 -1 -1 1
-0.71420000 0.77880000 0.38825235 -0.90980000 0.97840000 0.38716602 -0.87530000  0.99660000  0.09929080  0.46679639  0.01820000  0.11510000  0.04757471  0.02363189 -0.13000000  0.97790000  0.45725172  0.30999068 -0.90530000 -0.13000000 -0.62506552  0.22964329
-1 -1 -1 1
-0.99980000 0.79390000 0.39652042 -0.90530000 0.97790000 0.39428282 -0.90040000  0.98170000  0.05298764  0.50422061  0.01280000  0.13580000  0.04763258  0.02419622 -0.06630000  0.99650000  0.46356067  0.32586605 -0.94850000 -0.06630000 -0.63495169  0.27699950
-1 -1 -1 1
-0.98730000 0.76230000 0.38859158 -0.94850000 0.99650000 0.38763161 -0.88910000  0.98090000  0.05349655  0.51550536  0.02540000  0.19420000  0.06120345  0.03926954  0.01850000  0.98900000  0.47199195  0.29567032 -0.93140000  0.01850000 -0.61348391  0.29608697
-1 -1 -1 1
-0.99240000 0.76140000 0.40447960 -0.93140000 0.98900000 0.39884834 -0.91280000  0.99470000  0.02913778  0.52785189  0.00010000  0.08850000  0.03628222  0.01881289  0.04380000  0.96970000  0.44728111  0.30175596 -0.84240000  0.03420000 -0.55040000  0.26580103
-1 -1 -1 1
-0.82810000 0.76170000 0.39566202 -0.84240000 0.96970000 0.40334044 -0.82540000  0.96450000  0.00450000  0.53256765  0.00930000  0.20690000  0.04126250  0.03509335 -0.03790000  0.99320000  0.43919659  0.33857501 -0.93610000 -0.03790000 -0.60602386  0.25995278
-1 -1 -1 1
-0.47560000 0.66590000 0.38845720 -0.93610000 0.99320000 0.38287563 -0.91680000  0.97890000  0.07141977  0.50009621  0.03330000  0.11080000  0.05529419  0.01983981 -0.02130000  0.91470000  0.45202907  0.28221992 -0.80560000 -0.02130000 -0.60271744  0.24082978
-1 -1 -1 1
-0.50270000 0.63950000 0.39704075 -0.80560000 0.91470000 0.38303280 -0.79330000  0.91050000  0.03156860  0.50317800  0.00440000  0.15750000  0.04083953  0.03497387  0.04760000  0.99660000  0.35662674  0.32158989 -0.81480000  0.97960000 -0.33043837  0.52738773
-1 -1 -1 1
-0.68940000 0.58430000 0.37267551 -0.48080000 0.84310000 0.42811918 -0.47870000  0.60990000  0.00020206  0.31926107  0.02240000  0.26590000  0.07891649  0.06537065  0.05110000  0.84310000  0.37296186  0.28277289 -0.77200000  0.44660000 -0.51359485  0.32412116
-1 -1 -1 1
-0.49620000 0.58800000 0.40460281 -0.77200000 0.89110000 0.40414476 -0.76980000  0.91560000  0.04621868  0.47527284  0.01890000  0.18590000  0.04816593  0.03432302  0.04120000  0.89110000  0.41838462  0.26360154 -0.72960000  0.04120000 -0.56410989  0.19653185
-1 -1 -1 1
-0.70740000 0.63610000 0.39578400 -0.72960000 0.89080000 0.39849005 -0.72260000  0.96380000  0.05055889  0.47996151  0.02740000  0.10650000  0.05163778  0.01876357  0.02920000  0.89080000  0.43386444  0.26514787 -0.79060000 -0.08930000 -0.55904444  0.21516537
-1 -1 -1 1
-0.67100000 0.66610000 0.40428162 -0.79060000 0.84290000 0.40412836 -0.77520000  0.91920000  0.01440440  0.49064604  0.03030000  0.21080000  0.05863626  0.03867242 -0.08480000  0.84290000  0.42697802  0.26567955 -0.77300000 -0.08480000 -0.58872857  0.21151908
-1 -1 -1 1
-0.88810000 0.69560000 0.39699526 -0.77300000 0.92310000 0.39493198 -0.76570000  0.91020000  0.05337416  0.49092836  0.03030000  0.18720000  0.06526629  0.03629785  0.04790000  0.92310000  0.43607640  0.28116153 -0.78500000 -0.11230000 -0.57822022  0.21945855
-1 -1 -1 1
-0.74540000 0.74920000 0.38813915 -0.78500000 0.96590000 0.38685646 -0.77280000  0.95060000  0.06541609  0.48480086 -0.01900000  0.15230000  0.05374598  0.04871411 -0.02020000  0.96590000  0.44074828  0.28460376 -0.76710000 -0.02020000 -0.56797356  0.21105969
-1 -1 -1 1
