56 1 3 
-0.593985 
-1 -1 1 
-0.459681 
-1 -1 1 
0.690215 
-1 1 -1 
0.477897 
-1 1 -1 
0.041136 
1 -1 -1 
-1.000000 
-1 -1 1 
-0.342519 
1 -1 -1 
0.330508 
1 -1 -1 
0.710111 
-1 1 -1 
0.078831 
1 -1 -1 
-0.188486 
1 -1 -1 
-0.767617 
-1 -1 1 
0.103656 
1 -1 -1 
0.358405 
1 -1 -1 
0.470467 
-1 1 -1 
-0.066436 
1 -1 -1 
-0.722124 
-1 -1 1 
-0.323801 
1 -1 -1 
0.379513 
1 -1 -1 
0.760913 
-1 1 -1 
0.050584 
1 -1 -1 
-0.590872 
-1 -1 1 
-0.264545 
1 -1 -1 
0.070732 
1 -1 -1 
0.612116 
-1 1 -1 
-0.017867 
1 -1 -1 
0.011575 
1 -1 -1 
-0.048466 
1 -1 -1 
-0.947847 
-1 -1 1 
-0.186784 
1 -1 -1 
0.367394 
1 -1 -1 
0.491486 
-1 1 -1 
-0.108098 
1 -1 -1 
-0.869214 
-1 -1 1 
-0.202960 
1 -1 -1 
-0.022738 
1 -1 -1 
1.000000 
-1 1 -1 
0.004484 
1 -1 -1 
-0.424356 
1 -1 -1 
-0.687495 
-1 -1 1 
-0.044514 
1 -1 -1 
0.389878 
1 -1 -1 
0.394335 
1 -1 -1 
-0.051824 
1 -1 -1 
-0.607411 
-1 -1 1 
-0.336479 
1 -1 -1 
-0.081134 
1 -1 -1 
0.508229 
-1 1 -1 
0.411150 
1 -1 -1 
0.044429 
1 -1 -1 
-0.561988 
-1 -1 1 
-0.365897 
1 -1 -1 
0.191626 
1 -1 -1 
0.490734 
-1 1 -1 
0.295302 
1 -1 -1 
-0.071987 
1 -1 -1 
