8 22 4
-0.56170000 -0.14750000 0.41222839 -0.12620000 0.19470000 0.71174278 -0.12550000 0.12240000 -0.02191437 0.07716432 -0.45150000 0.21400000 -0.01894875 0.11535355 -0.01090000 0.08120000 0.04780750 0.02770535 -0.32690000 0.23180000 -0.02649625 0.20159071
-1 -1 -1 1
-0.25630000 -0.02930000 0.73658085 -0.32690000 0.21400000 0.72440157 -0.31410000 0.10040000 -0.05602331 0.11584353 -0.30360000 0.14470000 -0.01988834 0.07375205 -0.00550000 0.08800000 0.05355276 0.02852665 -0.27320000 0.21380000 -0.00283374 0.17789513
-1 -1 -1 1
-0.65840000 -0.05070000 0.72869759 -0.27320000 0.23180000 0.72065363 -0.26680000 0.11560000 -0.07766975 0.10672653 -0.32710000 0.13880000 -0.02253333 0.08648350 -0.01030000 0.08180000 0.03836975 0.03405694 -0.33690000 0.24840000 0.01999074 0.19590487
-1 -1 -1 1
-0.46560000 -0.04500000 0.74504442 -0.33690000 0.14470000 0.76897402 -0.32720000 0.14340000 -0.07251734 0.12828096 -0.33600000 0.14320000 -0.03062775 0.08252441 -0.00830000 0.07770000 0.04053468 0.02243533 -0.25140000 0.26940000 -0.00931850 0.20393402
-1 -1 -1 1
-0.51570000 -0.01570000 0.69610119 -0.25140000 0.21380000 0.30940561 -0.24690000 -0.08140000 -0.15528143 0.04509811 -0.08140000 0.12070000 0.01865571 0.05517923 -0.35580000 0.14960000 -0.02486286 0.14732065 -0.03750000 0.02120000 -0.01628286 0.01930741
-1 -1 -1 1
-0.34190000 0.00190000 0.31720314 -0.03750000 0.13880000 0.31315680 -0.03710000 0.02440000 -0.01289143 0.02137041 0.02510000 0.07710000 0.05157143 0.01598326 0.07640000 0.13540000 0.09521286 0.01797967 -0.31970000 0.25790000 0.14051429 0.15448706
-1 -1 -1 1
-0.48880000 -0.03200000 0.38009005 -0.34320000 0.24840000 0.74424515 -0.34110000 0.01650000 -0.15870719 0.09058289 -0.29500000 0.14880000 -0.00504731 0.10707885 -0.02410000 0.09290000 0.02816826 0.04393434 -0.31270000 0.31300000 0.01764251 0.22540509
-1 -1 -1 1
-0.32000000 0.02290000 0.70546637 -0.31270000 0.14340000 0.69996319 -0.30140000 0.13210000 -0.07546624 0.12426916 -0.36620000 0.18030000 -0.02494459 0.10067873 -0.01400000 0.08070000 0.04352803 0.02797745 -0.33410000 0.27680000 0.02495860 0.22952775
-1 -1 -1 1