25 22 4
-0.64020000 0.21440000 0.38749838 -0.53130000 0.70320000 0.38637562 -0.52700000 0.29190000 -0.13491264 0.22136463 -0.04570000 0.01550000 -0.02928046 0.01560278 0.02410000 0.57240000 0.25067126 0.20113873 -0.42180000 0.31710000 -0.13681609 0.22030331
1 -1 -1 -1
-0.54070000 0.10620000 0.38945522 -0.42180000 0.57240000 0.41611681 -0.41920000 0.10720000 -0.12206452 0.16296548 -0.04170000 0.02310000 -0.02645054 0.01370326 0.02290000 0.50030000 0.22759785 0.18340764 -0.44370000 0.35270000 -0.15979140 0.23400189
1 -1 -1 -1
-0.42830000 0.09250000 0.44324160 -0.44370000 0.50030000 0.43221397 -0.44010000 0.44910000 -0.09817320 0.19804073 -0.04970000 0.00250000 -0.03162268 0.01458504 0.00250000 0.53770000 0.20707216 0.19803413 -0.45980000 0.49670000 -0.10676186 0.25483949
1 -1 -1 -1
-0.41560000 0.08810000 0.42010403 -0.45980000 0.53770000 0.42342796 -0.45600000 0.37620000 -0.11634043 0.20831075 -0.03140000 0.00880000 -0.02135319 0.01153373 0.01090000 0.51910000 0.23135957 0.18766880 -0.49450000 0.28200000 -0.17132340 0.22874321
1 -1 -1 -1
-0.42460000 0.08180000 0.41233435 -0.49450000 0.51910000 0.40764847 -0.48090000 0.77180000 -0.09655543 0.25226972 -0.04110000 0.02460000 -0.02101630 0.02145389 0.02150000 0.44190000 0.21468804 0.15337074 -0.44500000 0.24070000 -0.14668152 0.20858082
1 -1 -1 -1
-0.42340000 0.07390000 0.49089241 -0.44500000 0.44190000 0.40672274 -0.44070000 0.14860000 -0.11627143 0.15351303 -0.03650000 0.02980000 -0.00862527 0.02384273 -0.00200000 0.44220000 0.21110220 0.14907840 -0.44900000 0.19490000 -0.14243187 0.20478635
1 -1 -1 -1
-0.38930000 0.30120000 0.58718004 -0.39500000 0.72310000 0.38660040 -0.37940000 0.06870000 -0.21600575 0.12068707 -0.44470000 0.19900000 -0.00136092 0.18099958 -0.42540000 0.62730000 0.08086322 0.36245919 -0.42280000 0.14830000 -0.15704828 0.15841963
-1 1 -1 -1
-0.59920000 0.27390000 0.31656876 -0.42280000 0.14830000 0.31331959 -0.40340000 0.21910000 0.01170857 0.12628061 0.05730000 0.60600000 0.24005857 0.16534422 -0.51950000 0.62970000 -0.21900286 0.33722390 -0.43990000 0.11880000 -0.07914000 0.12275201
-1 1 -1 -1
-0.64820000 0.26300000 0.34841328 -0.43990000 0.11880000 0.32925596 -0.36370000 0.18120000 0.01610676 0.11363428 0.05370000 0.50540000 0.22117297 0.14323937 -0.46820000 0.52460000 -0.20003784 0.31767615 -0.46460000 0.13270000 -0.09541081 0.14236525
-1 1 -1 -1
-0.71560000 0.21230000 0.32578201 -0.46460000 0.13270000 0.34962206 -0.44460000 0.25240000 0.01750759 0.12423601 0.03690000 0.53740000 0.19986329 0.14754685 -0.43810000 0.56900000 -0.12608101 0.36142114 -0.50350000 0.14120000 -0.13565190 0.15083877
-1 1 -1 -1
-0.55550000 0.29220000 0.41988640 -0.50350000 0.14120000 0.31673641 -0.41040000 0.17890000 0.02591972 0.11659001 0.07180000 0.59880000 0.23602676 0.15863828 -0.47090000 0.60370000 -0.20348592 0.34257671 -0.46270000 0.18800000 -0.06575211 0.16844687
-1 1 -1 -1
-0.35080000 -0.06760000 0.69695120 -0.20180000 0.20270000 0.70799923 -0.19690000 0.24770000 -0.00371887 0.09852539 -0.03820000 -0.01080000 -0.03069874 0.00676861 -0.01260000 0.30460000 0.08762327 0.09899623 -0.28120000 0.11960000 -0.05457421 0.14246424
-1 -1 1 -1
-0.74340000 -0.06670000 0.73719635 -0.28120000 0.30460000 0.74082880 -0.27420000 0.25870000 -0.05091257 0.12112482 -0.04470000 -0.00860000 -0.02899880 0.00960551 -0.01790000 0.33120000 0.07378144 0.11455581 -0.28920000 0.28690000 -0.04121377 0.20550938
-1 -1 1 -1
-0.44170000 -0.07280000 0.72904844 -0.28920000 0.33120000 0.71648636 -0.28850000 0.37030000 -0.06762112 0.13172884 -0.04690000 -0.01890000 -0.03330559 0.00530832 -0.02210000 0.36260000 0.09458509 0.11991541 -0.27010000 0.19440000 -0.04239006 0.14867168
-1 -1 1 -1
-0.90100000 -0.07250000 0.72160921 -0.27010000 0.36260000 0.70855083 -0.26730000 0.34090000 -0.06496478 0.12433737 -0.04400000 -0.02490000 -0.03514969 0.00666067 -0.02870000 0.36990000 0.08101572 0.12663112 -0.28300000 0.33350000 -0.02151195 0.21243636
-1 -1 1 -1
-0.37520000 -0.06950000 0.71284399 -0.28300000 0.36990000 0.69953842 -0.28130000 0.41800000 -0.07130892 0.13689015 -0.06070000 0.00100000 -0.03113567 0.01776425 -0.00360000 0.38250000 0.08077580 0.11781622 -0.29140000 0.26650000 -0.02422548 0.17669593
-1 -1 1 -1
-0.71730000 -0.06660000 0.68103037 -0.29140000 0.38250000 0.70759516 -0.28960000 0.49430000 -0.07422956 0.15368252 -0.05080000 -0.00380000 -0.03153333 0.01541302 -0.01130000 0.35240000 0.09889182 0.11242968 -0.32470000 0.18610000 -0.05887862 0.17727307
-1 -1 1 -1
-0.56170000 -0.14750000 0.41222839 -0.12620000 0.19470000 0.71174278 -0.12550000 0.12240000 -0.02191437 0.07716432 -0.45150000 0.21400000 -0.01894875 0.11535355 -0.01090000 0.08120000 0.04780750 0.02770535 -0.32690000 0.23180000 -0.02649625 0.20159071
-1 -1 -1 1
-0.25630000 -0.02930000 0.73658085 -0.32690000 0.21400000 0.72440157 -0.31410000 0.10040000 -0.05602331 0.11584353 -0.30360000 0.14470000 -0.01988834 0.07375205 -0.00550000 0.08800000 0.05355276 0.02852665 -0.27320000 0.21380000 -0.00283374 0.17789513
-1 -1 -1 1
-0.65840000 -0.05070000 0.72869759 -0.27320000 0.23180000 0.72065363 -0.26680000 0.11560000 -0.07766975 0.10672653 -0.32710000 0.13880000 -0.02253333 0.08648350 -0.01030000 0.08180000 0.03836975 0.03405694 -0.33690000 0.24840000 0.01999074 0.19590487
-1 -1 -1 1
-0.46560000 -0.04500000 0.74504442 -0.33690000 0.14470000 0.76897402 -0.32720000 0.14340000 -0.07251734 0.12828096 -0.33600000 0.14320000 -0.03062775 0.08252441 -0.00830000 0.07770000 0.04053468 0.02243533 -0.25140000 0.26940000 -0.00931850 0.20393402
-1 -1 -1 1
-0.51570000 -0.01570000 0.69610119 -0.25140000 0.21380000 0.30940561 -0.24690000 -0.08140000 -0.15528143 0.04509811 -0.08140000 0.12070000 0.01865571 0.05517923 -0.35580000 0.14960000 -0.02486286 0.14732065 -0.03750000 0.02120000 -0.01628286 0.01930741
-1 -1 -1 1
-0.34190000 0.00190000 0.31720314 -0.03750000 0.13880000 0.31315680 -0.03710000 0.02440000 -0.01289143 0.02137041 0.02510000 0.07710000 0.05157143 0.01598326 0.07640000 0.13540000 0.09521286 0.01797967 -0.31970000 0.25790000 0.14051429 0.15448706
-1 -1 -1 1
-0.48880000 -0.03200000 0.38009005 -0.34320000 0.24840000 0.74424515 -0.34110000 0.01650000 -0.15870719 0.09058289 -0.29500000 0.14880000 -0.00504731 0.10707885 -0.02410000 0.09290000 0.02816826 0.04393434 -0.31270000 0.31300000 0.01764251 0.22540509
-1 -1 -1 1
-0.32000000 0.02290000 0.70546637 -0.31270000 0.14340000 0.69996319 -0.30140000 0.13210000 -0.07546624 0.12426916 -0.36620000 0.18030000 -0.02494459 0.10067873 -0.01400000 0.08070000 0.04352803 0.02797745 -0.33410000 0.27680000 0.02495860 0.22952775
-1 -1 -1 1