5 22 4
-0.38930000 0.30120000 0.58718004 -0.39500000 0.72310000 0.38660040 -0.37940000 0.06870000 -0.21600575 0.12068707 -0.44470000 0.19900000 -0.00136092 0.18099958 -0.42540000 0.62730000 0.08086322 0.36245919 -0.42280000 0.14830000 -0.15704828 0.15841963
-1 1 -1 -1
-0.59920000 0.27390000 0.31656876 -0.42280000 0.14830000 0.31331959 -0.40340000 0.21910000 0.01170857 0.12628061 0.05730000 0.60600000 0.24005857 0.16534422 -0.51950000 0.62970000 -0.21900286 0.33722390 -0.43990000 0.11880000 -0.07914000 0.12275201
-1 1 -1 -1
-0.64820000 0.26300000 0.34841328 -0.43990000 0.11880000 0.32925596 -0.36370000 0.18120000 0.01610676 0.11363428 0.05370000 0.50540000 0.22117297 0.14323937 -0.46820000 0.52460000 -0.20003784 0.31767615 -0.46460000 0.13270000 -0.09541081 0.14236525
-1 1 -1 -1
-0.71560000 0.21230000 0.32578201 -0.46460000 0.13270000 0.34962206 -0.44460000 0.25240000 0.01750759 0.12423601 0.03690000 0.53740000 0.19986329 0.14754685 -0.43810000 0.56900000 -0.12608101 0.36142114 -0.50350000 0.14120000 -0.13565190 0.15083877
-1 1 -1 -1
-0.55550000 0.29220000 0.41988640 -0.50350000 0.14120000 0.31673641 -0.41040000 0.17890000 0.02591972 0.11659001 0.07180000 0.59880000 0.23602676 0.15863828 -0.47090000 0.60370000 -0.20348592 0.34257671 -0.46270000 0.18800000 -0.06575211 0.16844687
-1 1 -1 -1