6 22 4
-0.35080000 -0.06760000 0.69695120 -0.20180000 0.20270000 0.70799923 -0.19690000 0.24770000 -0.00371887 0.09852539 -0.03820000 -0.01080000 -0.03069874 0.00676861 -0.01260000 0.30460000 0.08762327 0.09899623 -0.28120000 0.11960000 -0.05457421 0.14246424
-1 -1 1 -1
-0.74340000 -0.06670000 0.73719635 -0.28120000 0.30460000 0.74082880 -0.27420000 0.25870000 -0.05091257 0.12112482 -0.04470000 -0.00860000 -0.02899880 0.00960551 -0.01790000 0.33120000 0.07378144 0.11455581 -0.28920000 0.28690000 -0.04121377 0.20550938
-1 -1 1 -1
-0.44170000 -0.07280000 0.72904844 -0.28920000 0.33120000 0.71648636 -0.28850000 0.37030000 -0.06762112 0.13172884 -0.04690000 -0.01890000 -0.03330559 0.00530832 -0.02210000 0.36260000 0.09458509 0.11991541 -0.27010000 0.19440000 -0.04239006 0.14867168
-1 -1 1 -1
-0.90100000 -0.07250000 0.72160921 -0.27010000 0.36260000 0.70855083 -0.26730000 0.34090000 -0.06496478 0.12433737 -0.04400000 -0.02490000 -0.03514969 0.00666067 -0.02870000 0.36990000 0.08101572 0.12663112 -0.28300000 0.33350000 -0.02151195 0.21243636
-1 -1 1 -1
-0.37520000 -0.06950000 0.71284399 -0.28300000 0.36990000 0.69953842 -0.28130000 0.41800000 -0.07130892 0.13689015 -0.06070000 0.00100000 -0.03113567 0.01776425 -0.00360000 0.38250000 0.08077580 0.11781622 -0.29140000 0.26650000 -0.02422548 0.17669593
-1 -1 1 -1
-0.71730000 -0.06660000 0.68103037 -0.29140000 0.38250000 0.70759516 -0.28960000 0.49430000 -0.07422956 0.15368252 -0.05080000 -0.00380000 -0.03153333 0.01541302 -0.01130000 0.35240000 0.09889182 0.11242968 -0.32470000 0.18610000 -0.05887862 0.17727307
-1 -1 1 -1