6 22 4
-0.64020000 0.21440000 0.38749838 -0.53130000 0.70320000 0.38637562 -0.52700000 0.29190000 -0.13491264 0.22136463 -0.04570000 0.01550000 -0.02928046 0.01560278 0.02410000 0.57240000 0.25067126 0.20113873 -0.42180000 0.31710000 -0.13681609 0.22030331
1 -1 -1 -1
-0.54070000 0.10620000 0.38945522 -0.42180000 0.57240000 0.41611681 -0.41920000 0.10720000 -0.12206452 0.16296548 -0.04170000 0.02310000 -0.02645054 0.01370326 0.02290000 0.50030000 0.22759785 0.18340764 -0.44370000 0.35270000 -0.15979140 0.23400189
1 -1 -1 -1
-0.42830000 0.09250000 0.44324160 -0.44370000 0.50030000 0.43221397 -0.44010000 0.44910000 -0.09817320 0.19804073 -0.04970000 0.00250000 -0.03162268 0.01458504 0.00250000 0.53770000 0.20707216 0.19803413 -0.45980000 0.49670000 -0.10676186 0.25483949
1 -1 -1 -1
-0.41560000 0.08810000 0.42010403 -0.45980000 0.53770000 0.42342796 -0.45600000 0.37620000 -0.11634043 0.20831075 -0.03140000 0.00880000 -0.02135319 0.01153373 0.01090000 0.51910000 0.23135957 0.18766880 -0.49450000 0.28200000 -0.17132340 0.22874321
1 -1 -1 -1
-0.42460000 0.08180000 0.41233435 -0.49450000 0.51910000 0.40764847 -0.48090000 0.77180000 -0.09655543 0.25226972 -0.04110000 0.02460000 -0.02101630 0.02145389 0.02150000 0.44190000 0.21468804 0.15337074 -0.44500000 0.24070000 -0.14668152 0.20858082
1 -1 -1 -1
-0.42340000 0.07390000 0.49089241 -0.44500000 0.44190000 0.40672274 -0.44070000 0.14860000 -0.11627143 0.15351303 -0.03650000 0.02980000 -0.00862527 0.02384273 -0.00200000 0.44220000 0.21110220 0.14907840 -0.44900000 0.19490000 -0.14243187 0.20478635
1 -1 -1 -1