14 4 2
0.28042698 0.04033708 0.10002780 0.10665625
1 -1
0.27992797 0.05941010 0.16056085 0.14819375
1 -1
0.17960119 0.02129912 0.16015887 0.15022500
1 -1
0.22048306 0.04006505 0.24287391 0.18660000
1 -1
0.22148299 0.12181592 0.11865211 0.13796875
1 -1
0.26076698 0.07966494 0.16021610 0.14020000
1 -1
0.22075987 0.11962009 0.11977696 0.13777500
1 -1
0.11933684 0.07980084 0.46093512 0.48453125
-1 1
0.13982201 0.04094386 0.48041320 0.55980000
-1 1
0.02184009 0.01951098 0.60133195 0.53911250
-1 1
0.14086414 0.25919413 0.44163680 0.43808125
-1 1
0.12169123 0.03868413 0.50050282 0.54706875
-1 1
0.04221201 0.04184818 0.57913899 0.66954375
-1 1
0.12095594 0.04146719 0.50028801 0.56765625
-1 1