28 34 7
-0.15980000 0.62670000 0.24659433 -0.64720000 0.73060000 0.32465239 -0.64610000 0.27640000 -0.21188219 0.32094689 -0.04610000 0.73060000 0.19487671 0.21545316 0.02690000 0.33500000 0.20081370 0.09670758 -0.66480000 0.09680000 -0.36491370 0.26769705 -0.10220000 0.62670000 0.21544388 0.19434945 -0.14300000 0.19460000 0.00862347 0.09619930 -0.15980000 0.11860000 -0.01733061 0.08892667
-1 -1 -1 -1 1 -1 -1
-0.17790000 0.50290000 0.37953005 -0.66480000 0.77380000 0.30950642 -0.66150000 0.56540000 -0.07770429 0.36700052 -0.13960000 0.77380000 0.15074571 0.21786520 0.05160000 0.37610000 0.22599000 0.10804502 -0.69420000 0.14670000 -0.37817857 0.28377468 0.02740000 0.50290000 0.23840108 0.17591247 -0.12790000 0.13860000 0.01711183 0.09417868 -0.17790000 0.09090000 -0.01118280 0.09667071
-1 -1 -1 -1 1 -1 -1
-0.17040000 0.49410000 0.26239996 -0.69420000 0.84900000 0.31633320 -0.68540000 0.40630000 -0.16582958 0.34416214 -0.06380000 0.84900000 0.18606338 0.24869742 -0.01410000 0.38540000 0.20419577 0.12648300 -0.72300000 0.16800000 -0.36437465 0.28114118 -0.00490000 0.49410000 0.23098947 0.16918387 -0.14220000 0.13670000 0.02089789 0.08727026 -0.17040000 0.11270000 -0.00343895 0.10752217
-1 -1 -1 -1 1 -1 -1
-0.15030000 0.49680000 0.31648445 -0.72300000 0.75380000 0.31237040 -0.71330000 0.52340000 -0.14977286 0.36259254 -0.03040000 0.75380000 0.20695714 0.22799515 -0.00780000 0.36760000 0.20841000 0.12134065 -0.64530000 0.24090000 -0.30919286 0.29354251 -0.13310000 0.63700000 0.24521809 0.22440769 -0.15030000 0.21040000 0.02148404 0.09291587 -0.14770000 0.08950000 -0.01918830 0.09104047
-1 -1 -1 -1 1 -1 -1
-0.24660000 0.44030000 0.30200996 -0.64530000 0.90700000 0.30541639 -0.64240000 0.46800000 -0.20435652 0.35867027 -0.03650000 0.90700000 0.20302899 0.24855428 0.02920000 0.36740000 0.21218551 0.11236731 -0.68570000 0.24420000 -0.32817536 0.30359123 -0.24660000 0.59390000 0.24201739 0.20538755 -0.14770000 0.16930000 0.01857500 0.09404735 -0.17400000 0.13840000 -0.01208478 0.10707161
-1 -1 -1 -1 1 -1 -1
-0.20280000 0.45640000 0.37252684 -0.68570000 0.89490000 0.31687040 -0.68200000 0.37190000 -0.24205493 0.33262599 -0.14290000 0.89490000 0.20694930 0.25986862 -0.00790000 0.42100000 0.24400282 0.14575109 -0.72280000 0.27320000 -0.34564507 0.33416863 -0.20280000 0.45640000 0.23127053 0.17099065 -0.15160000 0.44280000 -0.00014842 0.09987975 -0.14780000 0.14630000 -0.00425579 0.09719412
-1 -1 -1 -1 1 -1 -1
-0.17130000 0.65160000 0.25282841 -0.72280000 0.83860000 0.30844917 -0.71250000 0.37570000 -0.19999565 0.35589062 -0.02410000 0.83860000 0.22743768 0.24785163 0.05830000 0.33870000 0.21891884 0.09999331 -0.70200000 0.21660000 -0.30164928 0.30734386 -0.04620000 0.65160000 0.24133871 0.21719974 -0.12100000 0.15920000 0.00097957 0.09246025 -0.17130000 0.09650000 -0.00326022 0.08547173
-1 -1 -1 -1 1 -1 -1
-0.15630000 0.47390000 0.32488117 -0.70200000 0.88380000 0.31623764 -0.69820000 0.47810000 -0.22082817 0.35982851 -0.08960000 0.88380000 0.21082254 0.23908388 -0.00540000 0.39400000 0.21420423 0.14278730 -0.72310000 0.31520000 -0.29286056 0.34842554 -0.29600000 0.69160000 0.23814947 0.23614266 -0.15630000 0.13830000 0.01734842 0.08812064 -0.15530000 0.07100000 -0.01335789 0.07826495
-1 -1 -1 -1 1 -1 -1
-0.13610000 0.49190000 0.30961676 -0.72310000 0.88670000 0.32143555 -0.71960000 0.46700000 -0.22277639 0.37304731 -0.04390000 0.88670000 0.18343611 0.25192944 -0.03200000 0.37380000 0.20816528 0.12906240 -0.70680000 0.14450000 -0.34155972 0.28897322 -0.02830000 0.49190000 0.23296598 0.17610851 -0.13460000 0.14530000 0.01529485 0.09180630 -0.13610000 0.10530000 0.00878866 0.08106256
-1 -1 -1 -1 1 -1 -1
-0.17610000 0.59280000 0.30178442 -0.70680000 0.93240000 0.30416079 -0.70370000 0.45790000 -0.13085588 0.36383930 -0.10680000 0.93240000 0.17922500 0.26765216 -0.02940000 0.38090000 0.22520294 0.13791275 -0.75120000 0.29500000 -0.32184412 0.35785807 0.02260000 0.59280000 0.24886593 0.19942937 -0.17610000 0.15990000 0.01988242 0.10245922 -0.17410000 0.06460000 -0.02304396 0.06665315
-1 -1 -1 -1 1 -1 -1
-0.26810000 0.54480000 0.31643925 -0.75120000 0.91220000 0.30538321 -0.74180000 0.49270000 -0.21678696 0.38531269 -0.09920000 0.91220000 0.19215217 0.25779331 -0.01400000 0.37440000 0.22891884 0.13161803 -0.68520000 0.31720000 -0.30631594 0.34829176 -0.26810000 0.65370000 0.28578913 0.24692616 -0.21010000 0.17970000 0.01255435 0.10744303 -0.19680000 0.09370000 -0.01924348 0.08859302
-1 -1 -1 -1 1 -1 -1
-0.29080000 0.47660000 0.30953035 -0.68520000 0.93940000 0.31711121 -0.67990000 0.52220000 -0.24249718 0.36403049 -0.05130000 0.93940000 0.21472958 0.27033237 -0.06590000 0.39960000 0.21229859 0.15037956 -0.70840000 0.26870000 -0.34622958 0.32209537 -0.29080000 0.52660000 0.26100105 0.21285626 -0.16030000 0.15600000 0.01459158 0.09540680 -0.17370000 0.10030000 -0.00765895 0.08524210
-1 -1 -1 -1 1 -1 -1
-0.44950000 0.51650000 0.30905361 -0.70840000 0.95740000 0.30800924 -0.70570000 0.52990000 -0.16891594 0.38656443 -0.04510000 0.95740000 0.19167536 0.25984622 -0.02280000 0.34510000 0.20185362 0.12281701 -0.70710000 0.18820000 -0.33515507 0.29506151 -0.44950000 0.77760000 0.24895054 0.27740508 -0.19370000 0.14160000 -0.00068387 0.09698712 -0.11970000 0.07680000 -0.00186559 0.06020089
-1 -1 -1 -1 1 -1 -1
-0.13260000 0.59320000 0.30110044 -0.70710000 0.89710000 0.30431242 -0.70080000 0.54010000 -0.15471176 0.37545088 0.02110000 0.89710000 0.20900882 0.24510265 -0.02800000 0.40140000 0.22771765 0.14647977 -0.70620000 0.26110000 -0.32566029 0.31252254 0.02470000 0.59320000 0.26100549 0.19014076 -0.13260000 0.17310000 0.00969121 0.08673872 -0.12190000 0.05300000 -0.02310879 0.05976579
-1 -1 -1 -1 1 -1 -1
-0.22090000 0.49600000 0.31763954 -0.70620000 0.79600000 0.31760998 -0.70150000 0.41000000 -0.18059155 0.38392048 -0.08390000 0.79600000 0.19578873 0.23632318 -0.09120000 0.39390000 0.20823099 0.15372825 -0.66920000 0.30510000 -0.29866620 0.32702952 -0.22090000 0.54260000 0.24858105 0.20263752 -0.12270000 0.14300000 0.01677158 0.09733031 -0.13710000 0.06340000 -0.00807474 0.06689745
-1 -1 -1 -1 1 -1 -1
-0.20070000 0.51540000 0.32458477 -0.66920000 0.88200000 0.31684523 -0.66680000 0.46040000 -0.15260986 0.36701552 -0.08180000 0.88200000 0.15596620 0.25040654 -0.04910000 0.38880000 0.24187606 0.14815164 -0.68130000 0.27350000 -0.35680986 0.31877171 -0.20070000 0.58390000 0.23010316 0.22098113 -0.11590000 0.16040000 0.00262526 0.08610521 -0.12190000 0.08510000 -0.01028105 0.06261922
-1 -1 -1 -1 1 -1 -1
-0.26500000 0.51410000 0.30075808 -0.68130000 0.89920000 0.30472040 -0.67580000 0.51960000 -0.15833478 0.38212900 -0.14160000 0.89920000 0.18985362 0.26027902 0.04680000 0.35330000 0.22521304 0.11278182 -0.69280000 0.28180000 -0.33692174 0.31526191 -0.26500000 0.51410000 0.23980870 0.20709502 -0.13830000 0.11360000 -0.00985870 0.09177569 -0.10430000 0.06890000 -0.00556304 0.06134693
-1 -1 -1 -1 1 -1 -1
-0.16120000 0.48690000 0.31726675 -0.69280000 0.88660000 0.31249676 -0.68820000 0.45200000 -0.18923571 0.37837662 -0.09310000 0.88660000 0.19861000 0.24914640 -0.00230000 0.42710000 0.25521571 0.15354750 -0.73180000 0.34700000 -0.31864000 0.35836207 -0.08500000 0.48690000 0.23242979 0.17646167 -0.16120000 0.14890000 0.00505106 0.09058217 -0.09740000 0.07300000 -0.00887766 0.05445102
-1 -1 -1 -1 1 -1 -1
-0.11290000 0.51690000 0.30967522 -0.73180000 0.86810000 0.30390358 -0.72860000 0.48820000 -0.20652500 0.39789743 -0.06170000 0.86810000 0.19615294 0.26037703 -0.06730000 0.41560000 0.24066324 0.16655282 -0.73910000 0.35230000 -0.28356912 0.35851217 -0.11290000 0.64180000 0.26002198 0.22530574 -0.18470000 0.16090000 0.00028571 0.09583915 -0.12160000 0.08890000 -0.01706484 0.06873809
-1 -1 -1 -1 1 -1 -1
-0.17830000 0.53360000 0.30075245 -0.73910000 0.88140000 0.30957804 -0.72960000 0.41170000 -0.23283857 0.35970435 -0.02380000 0.88140000 0.21819857 0.24410743 -0.05120000 0.45450000 0.24360143 0.17089519 -0.78770000 0.34920000 -0.35602429 0.37400184 0.00960000 0.53360000 0.24614839 0.17348514 -0.13780000 0.15610000 0.02320860 0.09384036 -0.17830000 0.05980000 -0.03943118 0.06659874
-1 -1 -1 -1 1 -1 -1
-0.15260000 0.53020000 0.31707878 -0.78770000 0.83570000 0.30818319 -0.78450000 0.49390000 -0.23082174 0.42088680 -0.02430000 0.83570000 0.20806522 0.24475463 -0.04470000 0.41210000 0.21448261 0.15366788 -0.73420000 0.25890000 -0.32484783 0.33648167 -0.44980000 0.84510000 0.25524891 0.30797019 -0.13570000 0.18450000 0.01598478 0.09862030 -0.15260000 0.08080000 -0.01955652 0.07179433
-1 -1 -1 -1 1 -1 -1
-0.13090000 0.48890000 0.30166674 -0.73420000 0.75670000 0.31291838 -0.73020000 0.35800000 -0.22534000 0.37691995 -0.08680000 0.75670000 0.19862857 0.24893029 -0.00240000 0.43390000 0.23180714 0.15317316 -0.73080000 0.31510000 -0.31786714 0.33790181 -0.17830000 0.48890000 0.24065000 0.19155691 -0.14770000 0.12640000 0.00777340 0.09409665 -0.12920000 0.05670000 -0.02289362 0.06786788
-1 -1 -1 -1 1 -1 -1
-0.11230000 0.47620000 0.30876007 -0.73080000 0.85890000 0.31638479 -0.72320000 0.46340000 -0.17472958 0.38201850 -0.09530000 0.85890000 0.18007465 0.22474728 0.00280000 0.42370000 0.23865634 0.13691251 -0.71780000 0.15690000 -0.40449859 0.29596506 0.01140000 0.47620000 0.24032553 0.15171123 -0.13090000 0.16820000 0.01238298 0.09075995 -0.11670000 0.05390000 -0.01895213 0.05742047
-1 -1 -1 -1 1 -1 -1
-0.18640000 0.58750000 0.30880680 -0.71780000 0.89400000 0.30441284 -0.70700000 0.58150000 -0.10883971 0.37709550 -0.01940000 0.89400000 0.18911176 0.22967347 -0.06340000 0.42000000 0.23968824 0.15713540 -0.75310000 0.22130000 -0.34018971 0.33862157 0.00450000 0.58750000 0.26730220 0.18063610 -0.10890000 0.13750000 0.02010879 0.08511823 -0.11230000 0.07290000 -0.01198681 0.06381894
-1 -1 -1 -1 1 -1 -1
-0.16610000 0.55900000 0.31690874 -0.75310000 0.82090000 0.30467482 -0.74530000 0.46170000 -0.20460441 0.38697862 -0.03970000 0.82090000 0.20706912 0.24236802 -0.07010000 0.42260000 0.19195588 0.17128938 -0.72810000 0.35870000 -0.25005000 0.37182303 -0.07020000 0.60330000 0.25495714 0.22850978 -0.18640000 0.16920000 0.01168681 0.10203704 -0.09720000 0.07490000 -0.01473407 0.06585159
-1 -1 -1 -1 1 -1 -1
-0.14660000 0.59570000 0.30956478 -0.72810000 0.90160000 0.31266756 -0.72560000 0.55550000 -0.26602857 0.39022180 -0.04450000 0.90160000 0.20913143 0.24957894 -0.08330000 0.39310000 0.18402429 0.17449063 -0.73570000 0.32500000 -0.27242286 0.36492388 -0.23370000 0.60270000 0.24869362 0.24137711 -0.16610000 0.15310000 0.01930426 0.09205010 -0.13030000 0.06540000 -0.03028617 0.06642373
-1 -1 -1 -1 1 -1 -1
-0.15780000 0.61940000 0.30894527 -0.73570000 0.92440000 0.30927038 -0.73100000 0.56870000 -0.24392029 0.40690931 -0.03970000 0.92440000 0.22371014 0.25212995 -0.04530000 0.40550000 0.19011449 0.15205596 -0.78690000 0.28460000 -0.32450290 0.36275911 -0.38610000 0.63860000 0.25543763 0.27720934 -0.11900000 0.12140000 0.01666452 0.08584781 -0.14660000 0.08200000 -0.04058817 0.06588608
-1 -1 -1 -1 1 -1 -1
-0.42460000 0.55640000 0.34065399 -0.78690000 0.81320000 0.34206200 -0.78060000 0.58330000 -0.13586104 0.44356384 0.00130000 0.81320000 0.15603766 0.18364512 -0.01230000 0.32160000 0.17194935 0.11269228 -0.63170000 -0.01230000 -0.47178961 0.18775306 -0.13130000 0.87170000 0.25282524 0.27193807 -0.10680000 0.15610000 0.01752718 0.07359965 -0.15780000 0.08650000 -0.00192718 0.08130459
-1 -1 -1 -1 1 -1 -1