17 34 7
-0.43237500 0.42817500 0.38903837 -0.51202500 0.55830000 0.35305796 -0.51037500 0.56302500 -0.05002219 0.35535105 0.00930000 0.23070000 0.04745344 0.05840604 0.02722500 0.62160000 0.17717812 0.16769204 -0.65805000 0.73800000 0.00316125 0.51292229 -0.43237500 0.42817500 0.10778632 0.20842096 -0.03517500 0.01372500 -0.00833066 0.01359662 -0.24810000 0.09832500 -0.08030519 0.08239340
-1 -1 -1 1 -1 -1 -1
-0.24810000 0.53460000 0.37997761 -0.65805000 0.73800000 0.42410288 -0.65520000 0.72637500 -0.29720526 0.40802785 0.01822500 0.72637500 0.10230237 0.13106563 0.03127500 0.74167500 0.30138158 0.24818303 -0.62812500 0.45165000 -0.36830368 0.29804080 -0.67635000 0.53460000 0.08604154 0.25844250 -0.19132500 0.01777500 -0.02159114 0.03375147 -0.19185000 0.14055000 -0.06873130 0.07584853
-1 -1 -1 1 -1 -1 -1
-0.74932500 0.55012500 0.38078318 -0.62812500 0.74167500 0.38337917 -0.62280000 0.72750000 0.00906628 0.37513001 0.01965000 0.15030000 0.04397791 0.03253631 0.03877500 0.70642500 0.35257413 0.21300379 -0.58522500 0.04177500 -0.43100145 0.18269374 -0.74932500 0.55012500 0.11703391 0.30978655 -0.16012500 0.05077500 -0.03573000 0.05100353 -0.15622500 0.05197500 -0.03635087 0.05567607
-1 -1 -1 1 -1 -1 -1
-0.54187500 0.49627500 0.38061123 -0.58522500 0.70642500 0.38300238 -0.58327500 0.71572500 0.00756453 0.38322386 0.01380000 0.11235000 0.04159273 0.01888832 0.00990000 0.74092500 0.35133401 0.23169475 -0.65827500 0.00990000 -0.43325058 0.18868500 -0.54187500 0.49627500 0.10327696 0.22683526 -0.21772500 0.02730000 -0.04100543 0.06499693 -0.15397500 0.14527500 -0.03767348 0.06725114
-1 -1 -1 1 -1 -1 -1
-0.65737500 0.63112500 0.38874645 -0.66412500 0.74092500 0.38615799 -0.66352500 0.74310000 0.01400431 0.39245953 0.01972500 0.11775000 0.03628190 0.02027189 0.03262500 0.74647500 0.34909138 0.23818817 -0.65257500 0.07582500 -0.44312155 0.20712023 -0.65737500 0.63112500 0.11430517 0.27405504 -0.21930000 0.01057500 -0.03278922 0.06025999 -0.14077500 0.07837500 -0.03508254 0.05314464
-1 -1 -1 1 -1 -1 -1
-0.74985000 0.57727500 0.38823557 -0.65257500 0.74647500 0.38736877 -0.64507500 0.72337500 0.01775776 0.37465015 0.00600000 0.10222500 0.03164483 0.01771640 -0.01215000 0.74077500 0.35184914 0.23061564 -0.61245000 -0.01215000 -0.43638190 0.18557061 -0.74985000 0.57727500 0.11037543 0.29840931 -0.18202500 0.03210000 -0.03521573 0.05065657 -0.11955000 0.05145000 -0.04128427 0.03681257
-1 -1 -1 1 -1 -1 -1
-0.59932500 0.48877500 0.39621477 -0.61245000 0.74077500 0.39846525 -0.60802500 0.70440000 0.01667750 0.36944901 -0.00195000 0.10305000 0.03829833 0.02268502 -0.04590000 0.74497500 0.34340000 0.23952516 -0.63967500 -0.11580000 -0.47704250 0.17709694 -0.59932500 0.48877500 0.09795875 0.23858114 -0.21187500 0.03232500 -0.03469062 0.05616641 -0.12105000 0.17437500 -0.01748125 0.06689481
-1 -1 -1 1 -1 -1 -1
-0.43650000 0.52732500 0.38816605 -0.63967500 0.74497500 0.38684082 -0.61740000 0.74332500 0.06030086 0.36515769 0.00547500 0.06622500 0.02877328 0.01282285 0.01732500 0.73320000 0.35219310 0.22349397 -0.60690000 0.01732500 -0.44238879 0.19474172 -0.43650000 0.69607500 0.11893836 0.26454252 -0.16432500 0.01500000 -0.03486336 0.05035187 -0.16432500 0.04507500 -0.03573750 0.05020297
-1 -1 -1 1 -1 -1 -1
-0.41932500 0.57442500 0.39719553 -0.60690000 0.73320000 0.40417280 -0.60307500 0.73800000 0.01681648 0.37958891 0.01672500 0.12330000 0.03823104 0.02010098 -0.02077500 0.72015000 0.33569341 0.22516724 -0.62047500 -0.02077500 -0.45585000 0.16803308 -0.41932500 0.70320000 0.10563347 0.28055871 -0.17970000 0.01087500 -0.02988471 0.04937708 -0.16282500 0.13380000 -0.03823574 0.06475777
-1 -1 -1 1 -1 -1 -1
-0.17970000 0.59392500 0.40383167 -0.62047500 0.72015000 0.39909554 -0.61770000 0.73410000 0.04684083 0.36486723 -0.00225000 0.07440000 0.02736833 0.01626780 -0.06982500 0.73380000 0.33807417 0.24188689 -0.68235000 -0.13612500 -0.47133167 0.17045486 -0.52132500 0.69270000 0.11385687 0.29151572 -0.20557500 0.02182500 -0.03288938 0.05422490 -0.15622500 0.15390000 -0.04413687 0.06844156
-1 -1 -1 1 -1 -1 -1
-0.20557500 0.58410000 0.38825235 -0.68235000 0.73380000 0.38716602 -0.65647500 0.74745000 0.07446810 0.35009730 0.01365000 0.08632500 0.03568103 0.01772392 -0.09750000 0.73342500 0.34293879 0.23249301 -0.67897500 -0.09750000 -0.46879914 0.17223247 -0.53565000 0.68017500 0.13151897 0.28678320 -0.15412500 0.01305000 -0.03141659 0.04731065 -0.13387500 0.12330000 -0.03139914 0.05834905
-1 -1 -1 1 -1 -1 -1
-0.15412500 0.59542500 0.39652042 -0.67897500 0.73342500 0.39428282 -0.67530000 0.73627500 0.03974073 0.37816546 0.00960000 0.10185000 0.03572444 0.01814716 -0.04972500 0.74737500 0.34767051 0.24439954 -0.71137500 -0.04972500 -0.47621376 0.20774962 -0.74985000 0.59542500 0.09012712 0.31800396 -0.20392500 0.01522500 -0.03400678 0.05604588 -0.13897500 0.08962500 -0.04265339 0.05776615
-1 -1 -1 1 -1 -1 -1
-0.20392500 0.57172500 0.38859158 -0.71137500 0.74737500 0.38763161 -0.66682500 0.73567500 0.04012241 0.38662902 0.01905000 0.14565000 0.04590259 0.02945216 0.01387500 0.74175000 0.35399397 0.22175274 -0.69855000 0.01387500 -0.46011293 0.22206523 -0.74047500 0.57172500 0.11012716 0.32024557 -0.15217500 0.01290000 -0.02603211 0.04564866 -0.12720000 0.07005000 -0.03376358 0.04167966
-1 -1 -1 1 -1 -1 -1
-0.15217500 0.57105000 0.40447960 -0.69855000 0.74175000 0.39884834 -0.68460000 0.74602500 0.02185333 0.39588891 0.00007500 0.06637500 0.02721167 0.01410967 0.03285000 0.72727500 0.33546083 0.22631697 -0.63180000 0.02565000 -0.41280000 0.19935078 -0.74430000 0.57105000 0.09453500 0.29296741 -0.17175000 0.02242500 -0.03429500 0.05157972 -0.17175000 0.04335000 -0.04349000 0.05066035
-1 -1 -1 1 -1 -1 -1
-0.74430000 0.57127500 0.39566202 -0.63180000 0.72727500 0.40334044 -0.61905000 0.72337500 0.00337500 0.39942574 0.00697500 0.15517500 0.03094687 0.02632001 -0.02842500 0.74490000 0.32939744 0.25393126 -0.70207500 -0.02842500 -0.45451790 0.19496459 -0.62107500 0.72360000 0.11547394 0.29935598 -0.15352500 0.01417500 -0.02780275 0.04493362 -0.15352500 0.03120000 -0.04594894 0.03727871
-1 -1 -1 1 -1 -1 -1
-0.17175000 0.49942500 0.38845720 -0.70207500 0.74490000 0.38287563 -0.68760000 0.73417500 0.05356483 0.37507216 0.02497500 0.08310000 0.04147064 0.01487986 -0.01597500 0.68602500 0.33902180 0.21166494 -0.60420000 -0.01597500 -0.45203808 0.18062234 -0.35670000 0.60405000 0.11760000 0.23866858 -0.13147500 0.08917500 -0.02447413 0.04492509 -0.13042500 0.08917500 -0.03497217 0.04380535
-1 -1 -1 1 -1 -1 -1
-0.15352500 0.47962500 0.39704075 -0.60420000 0.68602500 0.38303280 -0.59497500 0.68287500 0.02367645 0.37738350 0.00330000 0.11812500 0.03062965 0.02623040 0.03570000 0.74745000 0.26747006 0.24119242 -0.61110000 0.73470000 -0.24782878 0.39554080 -0.37702500 0.47962500 0.08875239 0.19111820 -0.08302500 0.01102500 -0.01508935 0.02271376 -0.18225000 0.01575000 -0.05876478 0.04868287
-1 -1 -1 1 -1 -1 -1