229 34 7
-0.13117500 0.08610000 0.65862322 -0.34402500 0.36247500 0.66647243 -0.34357500 0.22282500 -0.14939000 0.18260387 -0.00480000 0.21585000 0.03609800 0.05717492 -0.00007500 0.17970000 0.02953650 0.04047121 -0.29632500 0.35272500 -0.01204900 0.25054620 -0.13117500 0.07342500 0.02380462 0.05083266 0.00052500 0.00885000 0.00364088 0.00249431 -0.04537500 0.09727500 0.00963300 0.02878406
1 -1 -1 -1 -1 -1 -1
-0.24967500 0.09727500 0.64984245 -0.29632500 0.35272500 0.66761675 -0.29490000 0.22582500 -0.06271500 0.17020071 -0.00202500 0.10552500 0.01580200 0.02484285 0.00037500 0.29175000 0.05939450 0.07449396 -0.32310000 0.31770000 -0.08977900 0.24940513 -0.24967500 0.05782500 0.02027700 0.05856883 0.00060000 0.01432500 0.00813450 0.00223580 -0.03337500 0.08272500 0.01210425 0.02642334
1 -1 -1 -1 -1 -1 -1
-0.18030000 0.08272500 0.80918512 -0.32310000 0.31770000 0.64566278 -0.32272500 0.22207500 -0.00967190 0.16932508 -0.00517500 0.05250000 0.00752948 0.01473598 0.00352500 0.32535000 0.07753345 0.08330458 -0.33682500 0.34072500 -0.10154017 0.24851206 -0.18030000 0.08032500 0.01411082 0.04907281 -0.03937500 0.01755000 0.00504162 0.00861955 -0.03937500 0.09307500 0.01043428 0.02582110
1 -1 -1 -1 -1 -1 -1
-0.18907500 0.12532500 0.62641325 -0.33682500 0.34072500 0.62552280 -0.33285000 0.26242500 -0.00680000 0.18895735 0.00360000 0.03675000 0.01166702 0.00845802 0.00202500 0.31612500 0.07722872 0.08605507 -0.33472500 0.33465000 -0.11102926 0.26919521 -0.18907500 0.12532500 0.02371197 0.06375658 -0.01702500 0.01515000 0.00896210 0.00582998 -0.03480000 0.08820000 0.00975638 0.02531610
1 -1 -1 -1 -1 -1 -1
-0.26340000 0.11325000 0.64217997 -0.33472500 0.33465000 0.59330044 -0.33067500 0.25305000 -0.01742463 0.18178947 -0.00262500 0.05152500 0.00923843 0.01341402 -0.00142500 0.20505000 0.04745821 0.05459911 -0.33202500 0.34125000 -0.01609646 0.26358095 -0.26340000 0.11325000 0.02406573 0.07203042 -0.00030000 0.01050000 0.00399649 0.00235140 -0.04020000 0.08947500 0.00448736 0.02891016
1 -1 -1 -1 -1 -1 -1
-0.16822500 0.09577500 0.60173397 -0.33202500 0.34125000 0.62503881 -0.33187500 0.24120000 -0.08971862 0.19954606 -0.00120000 0.14190000 0.02377128 0.03631416 0.00045000 0.29565000 0.07272606 0.08241671 -0.32377500 0.36247500 -0.08262660 0.24679298 -0.16822500 0.09577500 0.02760000 0.05723768 -0.01665000 0.01350000 0.00588351 0.00364901 -0.04762500 0.07620000 0.00873351 0.02582619
1 -1 -1 -1 -1 -1 -1
-0.23242500 0.10387500 0.42013645 -0.32377500 0.36247500 0.57618952 -0.32160000 0.26107500 -0.04059360 0.20284239 0.00667500 0.09135000 0.01721977 0.01584808 0.00870000 0.19132500 0.04822849 0.05106009 -0.34072500 0.34972500 -0.01138663 0.26667555 -0.23242500 0.10387500 0.02378416 0.06735782 -0.00015000 0.01155000 0.00758067 0.00371923 -0.02820000 0.10215000 0.01433547 0.03017669
1 -1 -1 -1 -1 -1 -1
-0.27405000 0.10215000 0.23096962 -0.34072500 0.34972500 0.61743689 -0.33787500 0.30210000 -0.11626673 0.21668748 0.00622500 0.20257500 0.04151439 0.04992825 0.00810000 0.14527500 0.04047356 0.03998642 -0.34125000 0.33097500 -0.00417086 0.26718463 -0.27405000 0.13920000 0.02672339 0.07435945 0.00202500 0.01717500 0.01004637 0.00338739 -0.01537500 0.09015000 0.01552540 0.02619141
1 -1 -1 -1 -1 -1 -1
-0.22785000 0.13920000 1.00000000 -0.34125000 0.33097500 0.66282320 -0.33817500 0.25342500 -0.08539600 0.20949968 -0.00562500 0.10740000 0.01688050 0.02677020 0.00510000 0.24007500 0.05527150 0.06181999 -0.37635000 0.37065000 -0.08184000 0.28251692 -0.22785000 0.09682500 0.01910925 0.05722725 -0.00555000 0.01327500 0.00366975 0.00407072 -0.05677500 0.08272500 0.00084375 0.02690184
1 -1 -1 -1 -1 -1 -1
-0.13342500 0.12255000 0.42045355 -0.37635000 0.37065000 0.56368952 -0.37605000 0.29700000 -0.01782638 0.21787467 -0.00202500 0.07402500 0.01376811 0.01694618 0.01455000 0.23857500 0.06564626 0.06271961 -0.34815000 0.40117500 -0.02647323 0.29297456 -0.13342500 0.12255000 0.02626154 0.07151001 -0.00210000 0.01672500 0.00509734 0.00470571 -0.07050000 0.10627500 0.00465621 0.03486570
1 -1 -1 -1 -1 -1 -1
-0.07050000 0.10627500 0.22189322 -0.34815000 0.40117500 0.60454760 -0.34717500 0.25605000 -0.08980478 0.20179329 0.00337500 0.12480000 0.02484540 0.02864789 0.01005000 0.21262500 0.05973971 0.05837502 -0.35812500 0.37950000 -0.04113971 0.28690364 -0.19290000 0.11287500 0.03357198 0.06197254 -0.00090000 0.01605000 0.00604368 0.00340281 -0.03322500 0.08062500 0.00962349 0.02424703
1 -1 -1 -1 -1 -1 -1
-0.19290000 0.11287500 1.00000000 -0.35812500 0.37950000 0.56871367 -0.35317500 0.25830000 -0.07747559 0.21203606 0.00007500 0.14662500 0.02578652 0.03528906 0.00540000 0.12975000 0.03573281 0.03488280 -0.33262500 0.35520000 0.04535918 0.24441462 -0.21847500 0.09525000 0.02979956 0.06230982 0.00210000 0.01177500 0.00587544 0.00263030 -0.04005000 0.07567500 0.00959956 0.03043889
1 -1 -1 -1 -1 -1 -1
-0.21847500 0.09337500 0.59380445 -0.33262500 0.35520000 0.64602919 -0.33120000 0.22867500 -0.14421931 0.19038706 0.00030000 0.18150000 0.03952138 0.05106680 0.00510000 0.23115000 0.05342017 0.05848908 -0.35370000 0.36517500 -0.06839224 0.28549547 -0.10200000 0.09337500 0.02687745 0.04232793 0.00120000 0.01425000 0.00672487 0.00307073 -0.04882500 0.08212500 0.00535245 0.02759360
1 -1 -1 -1 -1 -1 -1
-0.10200000 0.09000000 0.59497557 -0.35370000 0.36517500 0.55943003 -0.35002500 0.32655000 -0.04007024 0.21546987 0.00367500 0.13777500 0.02833512 0.03312344 0.01567500 0.15502500 0.04582143 0.04100591 -0.35362500 0.35452500 0.00999286 0.27297545 -0.22012500 0.09000000 0.02698571 0.07072116 -0.00337500 0.01515000 0.00811161 0.00442412 -0.04717500 0.08175000 0.00272545 0.02957323
1 -1 -1 -1 -1 -1 -1
-0.22012500 0.11557500 0.57821999 -0.35362500 0.32655000 0.57599993 -0.35317500 0.28965000 -0.12903115 0.21914250 0.01035000 0.21720000 0.04243904 0.05303225 0.01140000 0.12667500 0.03448327 0.03105189 -0.34642500 0.36802500 0.02935558 0.26669099 -0.18862500 0.11557500 0.03015997 0.06471822 0.00030000 0.01575000 0.00742110 0.00491351 -0.04477500 0.07650000 0.00545983 0.02417551
1 -1 -1 -1 -1 -1 -1
-0.18862500 0.10530000 0.61060200 -0.34642500 0.35452500 0.60517960 -0.34590000 0.26415000 -0.15240441 0.18103387 -0.00547500 0.25815000 0.04779485 0.06821646 0.00577500 0.13132500 0.03349577 0.03239482 -0.35932500 0.37815000 0.02386985 0.27258431 -0.26430000 0.10530000 0.03046319 0.07309421 0.00037500 0.01140000 0.00503077 0.00353950 -0.04575000 0.07192500 0.00053819 0.02929555
1 -1 -1 -1 -1 -1 -1
-0.26430000 0.11632500 0.60288239 -0.35932500 0.36802500 0.59305687 -0.35670000 0.25530000 -0.11778778 0.21938504 0.00052500 0.17962500 0.02872782 0.04061489 0.01065000 0.11392500 0.03045902 0.02577390 -0.35017500 0.36465000 0.03636147 0.25840135 -0.26077500 0.11632500 0.03309691 0.06878931 -0.00150000 0.01290000 0.00459691 0.00369223 -0.06765000 0.09930000 -0.00036910 0.03192926
1 -1 -1 -1 -1 -1 -1
-0.26077500 0.10057500 0.58651724 -0.35610000 0.37815000 0.62951679 -0.35227500 0.24352500 -0.11626004 0.20999342 -0.00075000 0.12300000 0.02458099 0.03398137 0.00727500 0.23790000 0.05507218 0.06095555 -0.32760000 0.35332500 -0.05745053 0.27138719 -0.13657500 0.10057500 0.02812143 0.05829427 -0.00427500 0.01035000 0.00167302 0.00331897 -0.05392500 0.10245000 0.00435952 0.03041544
1 -1 -1 -1 -1 -1 -1
-0.13657500 0.10297500 0.44444723 -0.32760000 0.36465000 0.59217081 -0.32662500 0.21315000 -0.04113158 0.18851079 0.00097500 0.06300000 0.01238571 0.01537846 0.00667500 0.05077500 0.01789737 0.00968089 -0.31762500 0.34282500 0.08188308 0.21908423 -0.21217500 0.10297500 0.02414831 0.06067256 -0.00577500 0.01095000 0.00374958 0.00390577 -0.04350000 0.05595000 0.00436854 0.02167324
1 -1 -1 -1 -1 -1 -1
-0.22822500 0.09105000 1.00000000 -0.28350000 0.32932500 0.71223001 -0.28335000 0.26227500 -0.02102766 0.16954291 -0.00615000 0.06052500 0.00978516 0.01509435 -0.00172500 0.34612500 0.06341063 0.08574350 -0.31567500 0.36330000 -0.07427859 0.23243496 -0.22822500 0.09105000 -0.00259801 0.05383439 -0.01537500 0.00352500 -0.00621028 0.00469623 -0.05782500 0.08580000 0.01214685 0.02811198
1 -1 -1 -1 -1 -1 -1
-0.13260000 0.06525000 0.73611755 -0.32152500 0.36330000 0.66165199 -0.31995000 0.24870000 -0.04883356 0.19387635 -0.01117500 0.10770000 0.01530302 0.02941382 0.00457500 0.08295000 0.01689463 0.01793741 -0.29362500 0.37215000 0.06004027 0.22654185 -0.13260000 0.05152500 0.00101721 0.04132377 -0.01110000 0.00202500 -0.00581307 0.00362526 -0.03180000 0.06525000 0.00636859 0.02452381
1 -1 -1 -1 -1 -1 -1
-0.17917500 0.07170000 0.90410004 -0.29362500 0.37215000 0.75327120 -0.29085000 0.02745000 -0.16826849 0.11849035 -0.00330000 0.25470000 0.06514216 0.07470222 -0.00855000 0.05550000 0.00938077 0.01763145 -0.32692500 0.43027500 0.03307722 0.24821986 -0.17917500 0.05377500 -0.00365277 0.04458912 -0.01102500 0.02587500 -0.00464369 0.00715443 -0.05790000 0.07170000 0.00569867 0.03419253
1 -1 -1 -1 -1 -1 -1
-0.15285000 0.08632500 0.48322001 -0.32692500 0.43027500 0.72090006 -0.32032500 0.21742500 -0.11665000 0.17500036 -0.00105000 0.20317500 0.04285370 0.05630748 -0.00840000 0.16020000 0.02734676 0.04438397 -0.34207500 0.39772500 -0.02484028 0.28299068 -0.15285000 0.05190000 0.00320243 0.04710911 -0.01312500 0.00127500 -0.00380000 0.00305326 -0.04215000 0.04987500 0.00466806 0.02629241
1 -1 -1 -1 -1 -1 -1
-0.19972500 0.08040000 0.84010639 -0.34207500 0.39772500 0.63397236 -0.34020000 0.28005000 -0.05390297 0.21156791 -0.00412500 0.11497500 0.01155577 0.02468960 0.00480000 0.12727500 0.02493619 0.03154031 -0.31117500 0.38932500 0.01786888 0.26089884 -0.19972500 0.08632500 0.01252263 0.05966401 -0.00735000 0.00472500 -0.00289618 0.00352286 -0.05347500 0.08040000 0.00299724 0.03065208
1 -1 -1 -1 -1 -1 -1
-0.14437500 0.08820000 0.64898720 -0.31117500 0.38932500 0.63802357 -0.30832500 0.25807500 -0.12591719 0.19553213 -0.00585000 0.22297500 0.03173333 0.06071952 0.00300000 0.06727500 0.01667917 0.01217995 -0.33420000 0.39952500 0.07441979 0.23985600 -0.14437500 0.07312500 0.01198906 0.04582746 -0.01950000 -0.00097500 -0.01029727 0.00398732 -0.06322500 0.05235000 -0.00395781 0.02510745
1 -1 -1 -1 -1 -1 -1
-0.24262500 0.08377500 1.00000000 -0.33420000 0.39952500 0.65827646 -0.33345000 0.15390000 -0.18028885 0.15730843 -0.01110000 0.26850000 0.05477078 0.07689948 0.00202500 0.10485000 0.01697939 0.02277784 -0.32385000 0.38040000 0.04984459 0.24642097 -0.24262500 0.08820000 0.01650871 0.06064093 -0.01192500 0.00652500 -0.00623977 0.00352024 -0.04867500 0.04425000 -0.00190076 0.02301043
1 -1 -1 -1 -1 -1 -1
-0.29205000 0.06405000 0.88683395 -0.32385000 0.38040000 0.63789082 -0.32265000 0.29362500 -0.14974479 0.20355487 -0.00135000 0.23850000 0.04461563 0.06581719 0.00180000 0.17115000 0.03713594 0.04337625 -0.30495000 0.37920000 -0.00983229 0.25867783 -0.29205000 0.09615000 0.01392617 0.06721202 -0.01087500 0.00247500 -0.00519688 0.00348568 -0.04702500 0.07567500 0.00114531 0.02910463
1 -1 -1 -1 -1 -1 -1
-0.13455000 0.05760000 0.50007038 -0.30495000 0.37920000 0.62523718 -0.30480000 0.22020000 -0.11430479 0.15966651 -0.00667500 0.20197500 0.03969096 0.05823953 -0.00330000 0.08047500 0.01754096 0.01885052 -0.32595000 0.39195000 0.06268457 0.23860690 -0.13455000 0.07290000 0.01611582 0.04969545 -0.00862500 0.00165000 -0.00605186 0.00238468 -0.04507500 0.06405000 -0.00117965 0.02799601
1 -1 -1 -1 -1 -1 -1
-0.18007500 0.07320000 0.68941841 -0.32595000 0.39195000 0.68387842 -0.32197500 0.05707500 -0.17317987 0.12418259 -0.00352500 0.22665000 0.06478734 0.06810154 -0.00450000 0.05542500 0.01060714 0.01166805 -0.34357500 0.37042500 0.04241055 0.23986760 -0.18007500 0.05100000 0.00067024 0.05292396 -0.01095000 0.00960000 -0.00431671 0.00421250 -0.03802500 0.04680000 -0.00555585 0.02195581
1 -1 -1 -1 -1 -1 -1
-0.18090000 0.09277500 0.68929682 -0.34357500 0.37042500 0.70304117 -0.34342500 0.23767500 -0.13222405 0.16771744 -0.01755000 0.23767500 0.03451804 0.06129025 0.00547500 0.10200000 0.02338291 0.01918219 -0.31537500 0.38737500 0.01524019 0.26351201 -0.18090000 0.05760000 0.00474846 0.04684957 -0.02130000 -0.00082500 -0.01160652 0.00530880 -0.04477500 0.07320000 0.00137879 0.02573309
1 -1 -1 -1 -1 -1 -1
-0.17197500 0.06285000 0.88776321 -0.31537500 0.38737500 0.66742516 -0.31365000 0.22417500 -0.10700400 0.16778024 0.00375000 0.17760000 0.04009450 0.05086899 0.00112500 0.08182500 0.01306650 0.01758946 -0.30562500 0.36232500 0.06508650 0.22102589 -0.17197500 0.05595000 0.01027988 0.04483346 -0.01125000 0.00210000 -0.00283537 0.00316660 -0.03232500 0.09277500 0.00932925 0.02889765
1 -1 -1 -1 -1 -1 -1
-0.15510000 0.08992500 0.48358040 -0.30562500 0.36232500 0.69511404 -0.30337500 0.13380000 -0.17919279 0.14657711 -0.00097500 0.24930000 0.06247933 0.07852722 0.00007500 0.07695000 0.01392452 0.01550254 -0.31380000 0.37972500 0.04696779 0.23379251 -0.15510000 0.07447500 0.00669474 0.05186387 -0.01050000 0.02752500 -0.00455490 0.00487177 -0.04125000 0.06285000 0.00522955 0.02787586
1 -1 -1 -1 -1 -1 -1
-0.16050000 0.08340000 0.68123083 -0.31380000 0.37972500 0.69547319 -0.31282500 0.22192500 -0.14698710 0.16828629 -0.00315000 0.25935000 0.05172755 0.07779715 -0.00337500 0.06997500 0.01094809 0.01434813 -0.33262500 0.37987500 0.05088965 0.24040552 -0.16050000 0.06195000 0.00258660 0.05330222 -0.01102500 0.00082500 -0.00690000 0.00244822 -0.03802500 0.07950000 0.00034378 0.02777319
1 -1 -1 -1 -1 -1 -1
-0.18622500 0.07912500 0.63424959 -0.33262500 0.37987500 0.67914715 -0.33097500 0.26280000 -0.13849786 0.20818972 -0.00682500 0.19215000 0.03534030 0.05692411 -0.00592500 0.09127500 0.01421250 0.02111595 -0.34147500 0.36457500 0.04572336 0.24414036 -0.18622500 0.08992500 0.01123264 0.05136025 -0.01207500 -0.00015000 -0.00597044 0.00216972 -0.03390000 0.08340000 0.00075074 0.02633800
1 -1 -1 -1 -1 -1 -1
-0.14227500 0.07162500 0.88829718 -0.34147500 0.36457500 0.67533722 -0.33855000 0.25072500 -0.14116234 0.16650283 -0.00397500 0.24817500 0.04850132 0.06816142 -0.00270000 0.08790000 0.01763684 0.02028415 -0.34950000 0.37215000 0.04272829 0.25640621 -0.14227500 0.06780000 0.01077266 0.04788334 -0.01162500 0.00195000 -0.00610640 0.00261665 -0.03285000 0.07912500 0.00101712 0.02523013
1 -1 -1 -1 -1 -1 -1
-0.16695000 0.07252500 0.43475676 -0.34950000 0.37215000 0.66652365 -0.34575000 0.23535000 -0.14726426 0.16280708 -0.00052500 0.24630000 0.04977181 0.07582331 0.00000000 0.09247500 0.01773322 0.02258761 -0.34260000 0.36322500 0.05186728 0.25048705 -0.16695000 0.06015000 0.01299318 0.04863493 -0.01552500 -0.00090000 -0.00695341 0.00351919 -0.03900000 0.07162500 0.00164697 0.02341599
1 -1 -1 -1 -1 -1 -1
-0.15217500 0.07365000 0.87188845 -0.34260000 0.36322500 0.72074442 -0.34125000 0.29317500 -0.13570926 0.21117870 -0.00990000 0.21217500 0.03249352 0.05771071 -0.00105000 0.21540000 0.03778426 0.05466224 -0.33555000 0.39307500 -0.05625231 0.27611513 -0.15217500 0.06735000 0.00770599 0.05209089 -0.01237500 0.00082500 -0.00621740 0.00279184 -0.04882500 0.06555000 0.00116544 0.02751726
1 -1 -1 -1 -1 -1 -1
-0.21705000 0.08437500 0.64166317 -0.33555000 0.39307500 0.60907841 -0.33352500 0.26407500 -0.02327026 0.18885738 -0.00487500 0.08872500 0.01337080 0.02056424 0.00180000 0.13597500 0.02820493 0.03519635 -0.35137500 0.37110000 0.05150803 0.25140645 -0.21705000 0.07252500 0.01150410 0.05828252 -0.01057500 0.00375000 -0.00288566 0.00315065 -0.03480000 0.07365000 0.00475656 0.02788041
1 -1 -1 -1 -1 -1 -1
-0.13192500 0.10575000 0.63448162 -0.35137500 0.37110000 0.69181471 -0.34927500 0.22425000 -0.13248942 0.18414132 -0.00442500 0.19357500 0.02789183 0.04812629 0.00225000 0.24615000 0.04968942 0.06735900 -0.35100000 0.36952500 -0.05656154 0.27463642 -0.13192500 0.07132500 0.01621298 0.04852551 -0.01102500 0.00390000 -0.00566683 0.00368278 -0.04380000 0.04912500 0.00064868 0.02177436
1 -1 -1 -1 -1 -1 -1
-0.17685000 0.08400000 1.00000000 -0.35100000 0.36952500 0.63347044 -0.34890000 0.26422500 -0.03963357 0.19967451 -0.00210000 0.10957500 0.01009038 0.01774269 0.00600000 0.22612500 0.05001871 0.05826474 -0.36675000 0.36892500 -0.04808287 0.28324105 -0.17685000 0.08437500 0.01462105 0.05829804 -0.01215000 -0.00007500 -0.00553934 0.00326443 -0.04650000 0.06285000 -0.00220224 0.02549090
1 -1 -1 -1 -1 -1 -1
-0.14947500 0.07920000 0.66555681 -0.36675000 0.36892500 0.66289043 -0.36622500 0.26235000 -0.05500067 0.21608510 -0.00165000 0.06360000 0.00886762 0.01397501 0.00172500 0.39855000 0.08811745 0.11211209 -0.32902500 0.39847500 -0.12411191 0.25157405 -0.14947500 0.10575000 0.01346457 0.05544669 -0.04372500 0.00135000 -0.00579724 0.00650766 -0.05632500 0.05227500 0.00165075 0.02648207
1 -1 -1 -1 -1 -1 -1
-0.15120000 0.06930000 0.43601599 -0.32902500 0.39855000 0.58419313 -0.32640000 0.36465000 0.00145568 0.19819891 -0.01072500 0.04020000 0.00065682 0.00785168 -0.00660000 0.21427500 0.04704602 0.06011382 -0.34965000 0.39090000 -0.00137784 0.27734932 -0.15120000 0.12885000 0.01359801 0.06714842 -0.01260000 0.00090000 -0.00818821 0.00241011 -0.07117500 0.06375000 -0.00590966 0.03340514
1 -1 -1 -1 -1 -1 -1
-0.26820000 0.10162500 0.21434202 -0.34965000 0.36465000 0.63834925 -0.34785000 0.33135000 -0.10551406 0.23042838 -0.00270000 0.16492500 0.02830312 0.04622723 0.00232500 0.19417500 0.04036771 0.04841228 -0.32197500 0.35655000 -0.01948073 0.26005017 -0.26820000 0.08212500 0.00938945 0.06853755 -0.01065000 0.00105000 -0.00445352 0.00306732 -0.04230000 0.07792500 0.00088867 0.02557149
1 -1 -1 -1 -1 -1 -1
-0.17677500 0.07762500 1.00000000 -0.32197500 0.39090000 0.65779800 -0.31912500 0.25020000 -0.08556841 0.19022059 -0.00262500 0.16537500 0.02727314 0.04605407 0.00262500 0.19215000 0.03719949 0.05001679 -0.33705000 0.37147500 -0.03193328 0.27084516 -0.17677500 0.07920000 0.00861282 0.05222279 -0.01237500 0.00570000 -0.00477640 0.00308021 -0.05557500 0.04597500 -0.00306777 0.02682327
1 -1 -1 -1 -1 -1 -1
-0.16920000 0.14790000 0.58735886 -0.25972500 0.41362500 0.60930042 -0.25897500 0.25665000 -0.00661588 0.16424956 -0.00157500 0.04860000 0.00781588 0.01163721 0.00210000 0.34845000 0.07759708 0.09240532 -0.36832500 0.41362500 -0.08440566 0.29622715 -0.16920000 0.06757500 0.00022336 0.04207513 -0.01920000 0.00015000 -0.00444508 0.00351248 -0.04665000 0.05895000 -0.00463975 0.02537577
-1 1 -1 -1 -1 -1 -1
-0.22590000 0.13785000 0.57029400 -0.36832500 0.47820000 0.54755602 -0.36705000 0.32647500 -0.05061463 0.23228847 0.00022500 0.11115000 0.01917134 0.02769648 0.00547500 0.20737500 0.05021280 0.05427772 -0.37950000 0.47820000 0.02715000 0.31426780 -0.22590000 0.14790000 0.02762561 0.07507572 -0.01207500 -0.00150000 -0.00616875 0.00304976 -0.08280000 0.08032500 -0.01067835 0.03358234
-1 1 -1 -1 -1 -1 -1
-0.23160000 0.14160000 0.57102518 -0.37950000 0.50167500 0.59218082 -0.37837500 0.32662500 -0.15020132 0.23227126 -0.01095000 0.22867500 0.03745489 0.06887679 -0.00135000 0.19620000 0.04226053 0.04929101 -0.37905000 0.50167500 0.00477688 0.32782174 -0.23160000 0.13785000 0.02691910 0.06845082 -0.01260000 -0.00007500 -0.00694003 0.00276631 -0.09757500 0.06997500 -0.01270576 0.03674007
-1 1 -1 -1 -1 -1 -1
-0.32025000 0.19192500 0.53079844 -0.44347500 0.47992500 0.52623520 -0.43807500 0.34912500 -0.05293172 0.26103670 0.00202500 0.10327500 0.02371197 0.02276871 0.02797500 0.50392500 0.14842374 0.14475155 -0.45637500 0.50220000 -0.18529349 0.31399450 -0.35670000 0.17782500 0.03754747 0.10718446 -0.01605000 0.00915000 0.00102247 0.00646221 -0.09007500 0.10582500 -0.01113940 0.04458920
-1 1 -1 -1 -1 -1 -1
-0.41415000 0.17062500 0.52340117 -0.45637500 0.50392500 0.50627594 -0.45600000 0.38235000 -0.02071645 0.26991899 0.01065000 0.12720000 0.02907237 0.02377834 0.02077500 0.46732500 0.13425855 0.13181729 -0.40380000 0.46297500 -0.13276382 0.29412866 -0.43222500 0.20550000 0.04049605 0.13153862 -0.00922500 0.01342500 0.00610954 0.00461256 -0.12097500 0.04590000 -0.01358487 0.03566320
-1 1 -1 -1 -1 -1 -1
-0.20295000 0.15225000 0.52369404 -0.40380000 0.46732500 0.51525726 -0.40275000 0.33712500 -0.07732888 0.25788039 0.00517500 0.16230000 0.03232047 0.04068063 0.02092500 0.49012500 0.14995991 0.13334226 -0.47047500 0.49012500 -0.16049741 0.30116381 -0.27697500 0.12375000 0.03967403 0.08674608 -0.00937500 0.01657500 0.00189290 0.00612160 -0.10222500 0.12555000 -0.01105984 0.04878718
-1 1 -1 -1 -1 -1 -1
-0.37462500 0.18697500 0.52336760 -0.47047500 0.49012500 0.50995722 -0.46582500 0.42742500 -0.04104261 0.27991281 0.00367500 0.11527500 0.02364457 0.02566899 0.01800000 0.29647500 0.08608304 0.08080054 -0.38460000 0.47407500 -0.02103978 0.33100452 -0.41797500 0.24622500 0.04688523 0.13631332 -0.02647500 0.01297500 0.00402662 0.00635210 -0.10417500 0.10327500 -0.00401250 0.04360258
-1 1 -1 -1 -1 -1 -1
-0.15397500 0.24000000 1.00000000 -0.38460000 0.42742500 0.56782598 -0.38452500 0.31042500 -0.12257871 0.25442527 0.00525000 0.17347500 0.03723691 0.04476619 0.00885000 0.46942500 0.13965234 0.14649901 -0.42960000 0.43402500 -0.21061055 0.26187251 -0.32025000 0.20295000 0.03467807 0.09756092 -0.00262500 0.02947500 0.00644254 0.00539744 -0.08782500 0.09150000 -0.00648377 0.03913152
-1 1 -1 -1 -1 -1 -1
-0.19035000 0.13500000 0.56186476 -0.37905000 0.44790000 0.53893318 -0.37890000 0.34702500 -0.11445372 0.24597453 0.00082500 0.20632500 0.03292934 0.05131222 0.00360000 0.14332500 0.04059174 0.03960165 -0.38055000 0.44790000 0.06180558 0.29681990 -0.19035000 0.14160000 0.03445602 0.07020852 -0.01177500 0.00495000 -0.00582870 0.00392350 -0.05692500 0.10110000 -0.01064259 0.03423897
-1 1 -1 -1 -1 -1 -1
-0.24202500 0.13725000 0.56335001 -0.38055000 0.49500000 0.59293842 -0.37620000 0.32115000 -0.17470522 0.22208606 -0.00187500 0.29497500 0.04967687 0.07703773 0.00517500 0.21052500 0.04805597 0.05595244 -0.37215000 0.49500000 -0.01458974 0.32799347 -0.24202500 0.13500000 0.02845576 0.07281318 -0.01087500 0.00165000 -0.00437697 0.00374191 -0.09270000 0.08482500 -0.01249213 0.03419402
-1 1 -1 -1 -1 -1 -1
-0.15937500 0.15405000 0.57081680 -0.37215000 0.48780000 0.58005238 -0.37162500 0.34560000 -0.09243779 0.25274898 -0.00592500 0.16657500 0.01902939 0.04092644 0.00735000 0.48780000 0.11180038 0.13026667 -0.36562500 0.48780000 -0.12814237 0.28233325 -0.15937500 0.13725000 0.03163879 0.07170868 -0.03922500 0.00232500 -0.00610129 0.00741061 -0.07807500 0.08175000 -0.00256767 0.03876178
-1 1 -1 -1 -1 -1 -1
-0.24682500 0.13545000 0.55430756 -0.36562500 0.45892500 0.53133354 -0.36517500 0.31357500 -0.04054916 0.24259244 0.00060000 0.05295000 0.00967563 0.01321071 0.00525000 0.21307500 0.05465735 0.05278495 -0.35347500 0.45892500 0.04257794 0.30033230 -0.24682500 0.15405000 0.02916226 0.07751282 -0.02152500 0.00037500 -0.00621792 0.00397363 -0.06195000 0.10155000 -0.00723632 0.03358079
-1 1 -1 -1 -1 -1 -1
-0.12457500 0.10725000 0.58665085 -0.35347500 0.46530000 0.57620487 -0.35235000 0.33960000 -0.17348596 0.21630492 -0.00285000 0.26272500 0.05292346 0.07888793 0.00405000 0.20227500 0.04464288 0.05028480 -0.40980000 0.46530000 0.00978058 0.31475856 -0.12457500 0.13545000 0.03228555 0.06269785 -0.00937500 0.00337500 -0.00466387 0.00310029 -0.07102500 0.08467500 -0.00898699 0.03499012
-1 1 -1 -1 -1 -1 -1
-0.18975000 0.11512500 0.57838278 -0.40980000 0.48382500 0.56854000 -0.40575000 0.32767500 -0.13988438 0.23526604 0.00307500 0.25575000 0.04553555 0.06767074 0.00675000 0.15240000 0.03565723 0.03924956 -0.41332500 0.48382500 0.02966484 0.32556922 -0.18975000 0.10725000 0.02833114 0.06055293 -0.01132500 0.00330000 -0.00250526 0.00357839 -0.07942500 0.07845000 -0.00781798 0.03222365
-1 1 -1 -1 -1 -1 -1
-0.13725000 0.14047500 0.55438242 -0.41332500 0.50820000 0.62056837 -0.40912500 0.28095000 -0.14540935 0.22924034 -0.00847500 0.21232500 0.03898867 0.06083782 0.00982500 0.36397500 0.07149712 0.08613029 -0.39090000 0.50820000 -0.09057032 0.33315267 -0.13725000 0.11512500 0.02011774 0.06274613 -0.01297500 0.00487500 -0.00574597 0.00464956 -0.09000000 0.09067500 -0.01221815 0.04068047
-1 1 -1 -1 -1 -1 -1
-0.25965000 0.12600000 0.53951998 -0.39090000 0.49657500 0.52779360 -0.38572500 0.38055000 -0.01982584 0.24570183 -0.00435000 0.08445000 0.01281113 0.01886590 0.01477500 0.41107500 0.08853529 0.09592985 -0.38175000 0.49657500 -0.04755819 0.33000465 -0.25965000 0.14047500 0.02747041 0.08083749 -0.03397500 0.00442500 -0.00417816 0.00722574 -0.07102500 0.06210000 -0.00756313 0.03485544
-1 1 -1 -1 -1 -1 -1
-0.28867500 0.14302500 0.57813444 -0.38175000 0.48435000 0.55534000 -0.38070000 0.31545000 -0.11458320 0.24299097 0.00247500 0.18157500 0.02775780 0.04521305 0.00772500 0.23227500 0.05175000 0.05647134 -0.41010000 0.48435000 0.00502560 0.32810083 -0.28867500 0.12600000 0.03171961 0.08084048 -0.01132500 -0.00030000 -0.00625015 0.00361310 -0.08362500 0.06802500 -0.01626512 0.03172303
-1 1 -1 -1 -1 -1 -1
-0.15225000 0.15382500 1.00000000 -0.41010000 0.53190000 0.55102758 -0.40305000 0.30060000 -0.13766734 0.22076004 0.00202500 0.21337500 0.04434012 0.05754959 0.00810000 0.20197500 0.04660222 0.05196729 -0.42870000 0.53190000 0.02192722 0.33856623 -0.15225000 0.14302500 0.03392409 0.07853939 -0.01050000 0.00270000 -0.00372455 0.00358414 -0.11385000 0.10845000 -0.01377545 0.04227275
-1 1 -1 -1 -1 -1 -1
-0.18525000 0.13837500 0.56263914 -0.42870000 0.47760000 0.55153923 -0.42202500 0.36660000 -0.14683306 0.25462234 -0.00120000 0.23077500 0.03615847 0.05875483 0.01245000 0.18375000 0.04566351 0.04553924 -0.38017500 0.47760000 0.02132782 0.31629206 -0.18525000 0.15382500 0.03883364 0.07755836 -0.01140000 0.00315000 -0.00342773 0.00424837 -0.07777500 0.06922500 -0.00951273 0.03090444
-1 1 -1 -1 -1 -1 -1
-0.21682500 0.14557500 0.57084484 -0.38017500 0.47745000 0.55657234 -0.37747500 0.27232500 -0.16776964 0.19491521 0.00322500 0.27390000 0.05625893 0.07805751 0.00352500 0.11767500 0.02140893 0.02222898 -0.35947500 0.47745000 0.08887321 0.28859412 -0.21682500 0.11820000 0.03148661 0.06934160 -0.01147500 -0.00232500 -0.00621205 0.00260162 -0.08617500 0.07777500 -0.01268973 0.03486338
-1 1 -1 -1 -1 -1 -1
-0.19155000 0.13860000 0.54675560 -0.35947500 0.42690000 0.62921600 -0.35940000 0.34890000 -0.17164309 0.21943094 0.00022500 0.28762500 0.04151809 0.06757979 0.00885000 0.42690000 0.11612766 0.12958279 -0.38812500 0.41392500 -0.16286915 0.26875158 -0.19155000 0.13837500 0.03388245 0.06639206 -0.01440000 0.00750000 -0.00267008 0.00462176 -0.05272500 0.06210000 0.00144335 0.02752154
-1 1 -1 -1 -1 -1 -1
-0.34920000 0.13027500 1.00000000 -0.38812500 0.47640000 0.52241001 -0.38587500 0.37575000 0.00735064 0.22978760 -0.00142500 0.02310000 0.00590449 0.00404140 0.00825000 0.34207500 0.08194487 0.08791230 -0.37132500 0.47640000 -0.03199936 0.32484990 -0.34920000 0.16462500 0.02926624 0.10448490 -0.02595000 0.00150000 -0.00408583 0.00537235 -0.07462500 0.06810000 -0.00668694 0.03466384
-1 1 -1 -1 -1 -1 -1
-0.07462500 0.11977500 0.53083038 -0.37132500 0.44805000 0.55191364 -0.36525000 0.29895000 -0.11899778 0.23009591 -0.00502500 0.19995000 0.03173831 0.05271860 0.00277500 0.15690000 0.04198730 0.04319582 -0.37545000 0.44805000 0.04024536 0.30304778 -0.12952500 0.13860000 0.03701024 0.06517004 -0.00982500 0.00495000 -0.00487861 0.00271897 -0.05917500 0.09547500 -0.00891190 0.03465450
-1 1 -1 -1 -1 -1 -1
-0.12952500 0.14452500 1.00000000 -0.37545000 0.45967500 0.59715080 -0.37537500 0.34530000 -0.12999722 0.25437605 -0.00187500 0.16815000 0.02552889 0.04178317 0.01200000 0.45967500 0.10733000 0.12809754 -0.37882500 0.44347500 -0.14617556 0.27789121 -0.15172500 0.13027500 0.02967958 0.06306901 -0.01027500 0.00090000 -0.00473500 0.00335887 -0.06667500 0.07972500 -0.00739708 0.03293826
-1 1 -1 -1 -1 -1 -1
-0.15172500 0.15660000 0.55473204 -0.37882500 0.46065000 0.51404963 -0.37777500 0.36517500 -0.01190043 0.23403626 0.00015000 0.10575000 0.01371789 0.01919457 0.01342500 0.32827500 0.08107306 0.08381915 -0.37935000 0.46065000 -0.01641336 0.31722676 -0.18420000 0.11452500 0.03033360 0.07290597 -0.02625000 0.00487500 -0.00505909 0.00581660 -0.05970000 0.07657500 -0.00485260 0.03617636
-1 1 -1 -1 -1 -1 -1
-0.18420000 0.15502500 0.56280794 -0.37935000 0.47220000 0.58022833 -0.37747500 0.32497500 -0.10904019 0.24085520 -0.00487500 0.12735000 0.01430538 0.02773186 0.01012500 0.47220000 0.11377038 0.12982899 -0.42405000 0.47137500 -0.14009135 0.30607140 -0.17775000 0.11977500 0.03283743 0.06483462 -0.03487500 -0.00015000 -0.00770376 0.00629869 -0.06675000 0.05512500 -0.01382124 0.03021292
-1 1 -1 -1 -1 -1 -1
-0.31290000 0.29790000 0.95160437 -0.34530000 0.57390000 0.49840202 -0.34350000 0.35002500 -0.00801362 0.21608413 -0.01200000 0.12780000 0.01324219 0.03068395 0.01665000 0.57390000 0.15536585 0.16837877 -0.48720000 0.57390000 -0.13016183 0.34110408 -0.31290000 0.13770000 0.01662850 0.08994297 -0.06465000 -0.00157500 -0.01186650 0.01298307 -0.11002500 0.03667500 -0.02952450 0.03804849
-1 -1 1 -1 -1 -1 -1
-0.46312500 0.38227500 0.46680279 -0.48720000 0.54405000 0.45206041 -0.48675000 0.54405000 -0.08163750 0.34383686 0.00037500 0.20092500 0.02020441 0.03606722 0.00915000 0.41220000 0.10348015 0.10822064 -0.49530000 0.61237500 0.00539779 0.39232955 -0.46312500 0.32002500 0.06675110 0.16177256 -0.06540000 0.00667500 -0.00956691 0.01285080 -0.14400000 0.09697500 -0.02484485 0.05400056
-1 -1 1 -1 -1 -1 -1
-0.64342500 0.28867500 0.46862841 -0.49530000 0.61237500 0.50267525 -0.49335000 0.49110000 -0.18848296 0.32654625 -0.00090000 0.26917500 0.04882102 0.07599869 0.01335000 0.61560000 0.13925442 0.16000436 -0.49380000 0.61560000 -0.12409181 0.36045150 -0.64342500 0.24892500 0.03764354 0.18349123 -0.06465000 0.00465000 -0.00824305 0.01320217 -0.11385000 0.07275000 -0.02559338 0.04052015
-1 -1 1 -1 -1 -1 -1
-0.57082500 0.27862500 0.48288565 -0.49380000 0.61560000 0.49334679 -0.49245000 0.50512500 -0.07019730 0.32535857 0.00652500 0.10275000 0.02360473 0.01863881 0.02272500 0.61837500 0.23753716 0.20220223 -0.49252500 0.42255000 -0.30199189 0.20983304 -0.57082500 0.38227500 0.04104983 0.18224703 -0.09322500 0.00502500 -0.01268666 0.02009525 -0.19042500 0.17190000 -0.01641132 0.07592444
-1 -1 1 -1 -1 -1 -1
-0.27937500 0.37395000 0.45985794 -0.49252500 0.61837500 0.46986437 -0.48855000 0.49770000 0.02612689 0.28523955 -0.00187500 0.03262500 0.00988868 0.00831396 0.02332500 0.57945000 0.24807311 0.19434928 -0.50670000 0.41107500 -0.30373302 0.22152552 -0.27937500 0.28867500 0.06038670 0.12545188 -0.08805000 0.00495000 -0.01512500 0.02214701 -0.09802500 0.11347500 -0.01741543 0.05388554
-1 -1 1 -1 -1 -1 -1
-0.15502500 0.36262500 0.47542448 -0.50670000 0.57945000 0.46401043 -0.50640000 0.49057500 -0.00150361 0.31226440 0.00472500 0.03885000 0.01261298 0.00684825 0.01590000 0.63757500 0.22265120 0.21498169 -0.49455000 0.49350000 -0.23675553 0.29487748 -0.15502500 0.27862500 0.06252086 0.10799594 -0.08437500 0.00397500 -0.01240953 0.02235565 -0.14160000 0.05617500 -0.03426475 0.04267644
-1 -1 1 -1 -1 -1 -1
-0.39735000 0.32662500 0.94311552 -0.49455000 0.63757500 0.46975479 -0.49042500 0.48382500 -0.02578939 0.31857172 0.00637500 0.06382500 0.01682618 0.00980560 0.01732500 0.61762500 0.23706085 0.20495727 -0.51600000 0.43875000 -0.28991108 0.26180156 -0.39735000 0.37395000 0.06662074 0.15859304 -0.06082500 0.00172500 -0.01272287 0.01784674 -0.10582500 0.05730000 -0.02617287 0.03829655
-1 -1 1 -1 -1 -1 -1
-0.31042500 0.33555000 0.47544966 -0.51600000 0.61762500 0.46978922 -0.51577500 0.48172500 -0.01598561 0.30920033 -0.01777500 0.03495000 0.01373844 0.01822077 0.02947500 0.63307500 0.24834481 0.20814984 -0.50550000 0.45135000 -0.28567783 0.25572212 -0.31042500 0.36262500 0.05941489 0.13883111 -0.08977500 -0.00232500 -0.01763830 0.01720367 -0.16057500 0.03885000 -0.03335957 0.04163252
-1 -1 1 -1 -1 -1 -1
-0.43147500 0.50040000 0.44334841 -0.52057500 0.57937500 0.42455206 -0.50355000 0.57577500 0.04217578 0.29063754 0.00525000 0.11250000 0.02825859 0.02282101 0.04102500 0.59085000 0.19650234 0.16711881 -0.51480000 0.56797500 -0.14026719 0.33696343 -0.62760000 0.38490000 0.06341074 0.21294156 -0.02430000 0.01395000 -0.00150586 0.01141247 -0.12255000 0.14032500 -0.02714941 0.05835294
-1 -1 1 -1 -1 -1 -1
-0.63840000 0.41265000 0.46046000 -0.51480000 0.59242500 0.46453753 -0.51307500 0.57780000 -0.13299714 0.35697069 -0.00502500 0.21030000 0.03843571 0.05433656 0.03825000 0.57810000 0.21467500 0.17920556 -0.51630000 0.45450000 -0.23199571 0.29438408 -0.43147500 0.50040000 0.07866375 0.18333017 -0.05077500 0.01035000 -0.00388071 0.01366031 -0.14550000 0.07485000 -0.02345464 0.04701992
-1 -1 1 -1 -1 -1 -1
-0.71130000 0.58582500 0.45937843 -0.51630000 0.57067500 0.44111280 -0.51547500 0.55342500 -0.04058864 0.34002135 0.01515000 0.11340000 0.03403409 0.02583831 0.02970000 0.57990000 0.19614394 0.17130242 -0.52522500 0.51142500 -0.15564621 0.33784107 -0.63840000 0.41265000 0.06492350 0.21690364 -0.03742500 0.01305000 0.00045620 0.01378403 -0.10042500 0.14550000 -0.01896429 0.05679353
-1 -1 1 -1 -1 -1 -1
-0.72712500 0.55777500 0.46005754 -0.52522500 0.54585000 0.48887320 -0.52440000 0.63300000 -0.10285432 0.35068544 0.01440000 0.17467500 0.04040591 0.03464923 0.03660000 0.57975000 0.24197455 0.17665355 -0.53092500 0.30112500 -0.32191364 0.21943775 -0.71130000 0.58582500 0.06822245 0.23708838 -0.08850000 0.01035000 -0.00545459 0.01788863 -0.10147500 0.08985000 -0.01264796 0.04602449
-1 -1 1 -1 -1 -1 -1
-0.53730000 0.61162500 0.45130920 -0.53092500 0.58080000 0.44470968 -0.51877500 0.60667500 0.03372150 0.30498750 0.00292500 0.07410000 0.02093175 0.01408334 0.02955000 0.56745000 0.23222550 0.17863312 -0.49950000 0.46837500 -0.22921350 0.27224006 -0.72712500 0.55777500 0.06830597 0.24002326 -0.06195000 0.00630000 -0.00705280 0.01738711 -0.11992500 0.11062500 -0.02297743 0.04951948
-1 -1 1 -1 -1 -1 -1
-0.64380000 0.38595000 0.86479359 -0.49950000 0.56242500 0.47404518 -0.49672500 0.60592500 -0.04887266 0.33598014 0.00990000 0.08392500 0.02167009 0.01486268 0.02400000 0.59745000 0.25867780 0.18919463 -0.51645000 0.18870000 -0.35006565 0.17463399 -0.53730000 0.61162500 0.07886329 0.21283102 -0.12525000 0.00637500 -0.01411626 0.02996633 -0.14737500 0.12652500 -0.01235140 0.05477090
-1 -1 1 -1 -1 -1 -1
-0.64860000 0.38467500 0.45926685 -0.51645000 0.60810000 0.42786598 -0.50670000 0.54375000 0.04978594 0.28115052 0.00120000 0.05692500 0.01957891 0.01224850 0.02445000 0.59737500 0.24129531 0.19348338 -0.51300000 0.52492500 -0.23057500 0.28857570 -0.64380000 0.38595000 0.05915116 0.22488723 -0.08190000 0.00735000 -0.00627442 0.01818732 -0.14040000 0.15480000 -0.02316453 0.06772779
-1 -1 1 -1 -1 -1 -1
-0.37447500 0.42480000 0.49969921 -0.51300000 0.51682500 0.46907797 -0.51210000 0.49890000 0.03520025 0.27405403 0.01035000 0.03847500 0.02097252 0.00722677 0.02977500 0.57982500 0.26486510 0.18332810 -0.49897500 0.10402500 -0.34637302 0.16418715 -0.64860000 0.37080000 0.06035278 0.21381739 -0.16657500 0.01012500 -0.01739667 0.04195806 -0.16657500 0.04725000 -0.01627611 0.03531087
-1 -1 1 -1 -1 -1 -1
-0.54615000 0.32452500 0.50730362 -0.50550000 0.63307500 0.43191795 -0.50467500 0.57405000 -0.00964948 0.32962394 0.00465000 0.07815000 0.02097216 0.01824484 0.01282500 0.51487500 0.13644356 0.13994432 -0.48660000 0.58350000 -0.01923711 0.39167272 -0.54615000 0.43027500 0.07930038 0.19720283 -0.02992500 0.00967500 -0.00368365 0.00985759 -0.12000000 0.09772500 -0.02143615 0.05488983
-1 -1 1 -1 -1 -1 -1
-0.29347500 0.35850000 0.92742796 -0.48660000 0.57405000 0.49793797 -0.48517500 0.54375000 -0.18916339 0.33832181 0.00682500 0.25185000 0.05147076 0.07514313 0.01815000 0.61515000 0.14390156 0.15707842 -0.49462500 0.62010000 -0.11804464 0.39187265 -0.29347500 0.25057500 0.04801250 0.11351746 -0.02662500 -0.00022500 -0.00759900 0.00682466 -0.12457500 0.03952500 -0.02945150 0.03645051
-1 -1 1 -1 -1 -1 -1
-0.58545000 0.25425000 0.47526484 -0.49462500 0.58350000 0.49010649 -0.49380000 0.51187500 -0.07657705 0.32047650 -0.00472500 0.10485000 0.01418250 0.02075737 0.02827500 0.64477500 0.21712500 0.21151989 -0.49402500 0.49027500 -0.25576432 0.30112217 -0.58545000 0.33555000 0.05336837 0.18070931 -0.07552500 0.00127500 -0.01245969 0.01794243 -0.14160000 0.05040000 -0.02913469 0.04271482
-1 -1 1 -1 -1 -1 -1
-0.43942500 0.31155000 0.93500481 -0.49635000 0.54375000 0.45610514 -0.49357500 0.49207500 -0.00744102 0.29575227 0.00067500 0.06817500 0.01719029 0.01440441 0.01837500 0.68370000 0.22006602 0.21699310 -0.50385000 0.59272500 -0.20944733 0.32586334 -0.43942500 0.32452500 0.05610493 0.16387187 -0.06607500 -0.00045000 -0.01276752 0.01536627 -0.13237500 0.13312500 -0.02607810 0.06128574
-1 -1 1 -1 -1 -1 -1
-0.61605000 0.33082500 0.47514353 -0.50385000 0.62010000 0.47404003 -0.50212500 0.49552500 -0.08382126 0.33623098 -0.00075000 0.22192500 0.02760421 0.04721694 0.01275000 0.59595000 0.14533107 0.16044543 -0.50362500 0.59595000 -0.11347991 0.36680589 -0.61605000 0.35850000 0.06558011 0.18466548 -0.03735000 0.00630000 -0.00561866 0.00843593 -0.10260000 0.02250000 -0.03220352 0.03420575
-1 -1 1 -1 -1 -1 -1
-0.40410000 0.34657500 0.46720648 -0.50362500 0.51187500 0.51428595 -0.49965000 0.50677500 -0.10135991 0.33256294 0.00915000 0.20175000 0.03535474 0.04648277 0.01642500 0.58215000 0.22993642 0.19697430 -0.48375000 0.45120000 -0.32004052 0.22511021 -0.40410000 0.30075000 0.04581677 0.14832270 -0.07815000 0.00525000 -0.01250710 0.01875278 -0.10267500 0.11917500 -0.00699823 0.05452700
-1 -1 1 -1 -1 -1 -1
-0.48052500 0.31995000 0.46777916 -0.48375000 0.64477500 0.45202322 -0.47400000 0.50145000 0.04510147 0.27114921 -0.00307500 0.04290000 0.01151250 0.00843113 0.01912500 0.61567500 0.20050294 0.19591930 -0.49972500 0.55177500 -0.18351324 0.31741832 -0.48052500 0.25425000 0.03848272 0.15878647 -0.07275000 0.00172500 -0.01215000 0.01714759 -0.11632500 0.09375000 -0.02826121 0.05244965
-1 -1 1 -1 -1 -1 -1
-0.52155000 0.33630000 0.46774759 -0.49972500 0.68370000 0.46527481 -0.49500000 0.55695000 -0.10052429 0.34682120 -0.00337500 0.19012500 0.02945857 0.05133008 0.00780000 0.62775000 0.15083500 0.16690494 -0.56752500 0.65962500 -0.10918429 0.39800117 -0.52155000 0.34147500 0.05434339 0.17950318 -0.07275000 0.00075000 -0.01038000 0.01461770 -0.13402500 0.04162500 -0.03555107 0.03769630
-1 -1 1 -1 -1 -1 -1
-0.43237500 0.42817500 0.38903837 -0.51202500 0.55830000 0.35305796 -0.51037500 0.56302500 -0.05002219 0.35535105 0.00930000 0.23070000 0.04745344 0.05840604 0.02722500 0.62160000 0.17717812 0.16769204 -0.65805000 0.73800000 0.00316125 0.51292229 -0.43237500 0.42817500 0.10778632 0.20842096 -0.03517500 0.01372500 -0.00833066 0.01359662 -0.24810000 0.09832500 -0.08030519 0.08239340
-1 -1 -1 1 -1 -1 -1
-0.24810000 0.53460000 0.37997761 -0.65805000 0.73800000 0.42410288 -0.65520000 0.72637500 -0.29720526 0.40802785 0.01822500 0.72637500 0.10230237 0.13106563 0.03127500 0.74167500 0.30138158 0.24818303 -0.62812500 0.45165000 -0.36830368 0.29804080 -0.67635000 0.53460000 0.08604154 0.25844250 -0.19132500 0.01777500 -0.02159114 0.03375147 -0.19185000 0.14055000 -0.06873130 0.07584853
-1 -1 -1 1 -1 -1 -1
-0.15240000 0.48727500 0.38089151 -0.57825000 0.60487500 0.37879753 -0.55447500 0.67815000 0.04219588 0.32841189 0.02370000 0.11722500 0.04485088 0.02122122 0.04305000 0.65497500 0.33359029 0.18936436 -0.58140000 0.36337500 -0.36454588 0.23431930 -0.70012500 0.48727500 0.10751579 0.26652510 -0.17632500 0.01867500 -0.02671776 0.05131174 -0.17632500 0.13102500 -0.02450789 0.07542476
-1 -1 -1 1 -1 -1 -1
-0.47782500 0.46710000 0.41122046 -0.58140000 0.58410000 0.40794363 -0.57817500 0.70717500 -0.03777636 0.39507089 0.01267500 0.17220000 0.04216549 0.04111612 0.03510000 0.67147500 0.31592038 0.20000604 -0.57877500 0.25537500 -0.36884592 0.21813507 -0.47782500 0.68422500 0.12549939 0.25714130 -0.17602500 0.01717500 -0.01997134 0.04737305 -0.17602500 0.17235000 -0.02856402 0.06456256
-1 -1 -1 1 -1 -1 -1
-0.48037500 0.54952500 0.40492315 -0.57877500 0.65497500 0.40738478 -0.57817500 0.70950000 -0.00682908 0.38864605 0.00652500 0.11505000 0.03066929 0.02091340 0.00405000 0.68812500 0.31890489 0.19981391 -0.60457500 0.00405000 -0.42911332 0.18259118 -0.48037500 0.54952500 0.10900244 0.21535902 -0.20452500 0.01582500 -0.03008476 0.05733933 -0.14752500 0.13200000 -0.02234817 0.05786157
-1 -1 -1 1 -1 -1 -1
-0.68752500 0.52575000 0.40449362 -0.60457500 0.67147500 0.41149082 -0.59715000 0.70327500 0.03521855 0.36449705 0.00502500 0.09307500 0.03149355 0.02022684 -0.07935000 0.68482500 0.31515242 0.21725038 -0.57120000 -0.07935000 -0.43757339 0.16853930 -0.68752500 0.52575000 0.10892117 0.25626254 -0.18315000 0.01950000 -0.02957238 0.05494625 -0.15997500 0.10635000 -0.02118750 0.05513749
-1 -1 -1 1 -1 -1 -1
-0.61095000 0.55095000 0.40377398 -0.57120000 0.68812500 0.40303965 -0.56445000 0.73327500 0.05679396 0.35096690 0.02707500 0.07702500 0.04340522 0.01371192 -0.05917500 0.61222500 0.30808929 0.20053225 -0.63262500 -0.05917500 -0.45588214 0.16366346 -0.61095000 0.74925000 0.10933202 0.30935093 -0.17400000 0.09622500 -0.02161798 0.06556070 -0.10882500 0.11130000 -0.01284112 0.04890527
-1 -1 -1 1 -1 -1 -1
-0.44220000 0.62452500 0.41287603 -0.63262500 0.68482500 0.40720434 -0.61065000 0.72097500 0.06637418 0.35913300 -0.01020000 0.10905000 0.02903723 0.02286706 -0.11940000 0.67207500 0.31439918 0.20793245 -0.60855000 -0.11940000 -0.43556576 0.15287339 -0.44220000 0.62580000 0.10407049 0.28033761 -0.20677500 0.02400000 -0.03900184 0.06223380 -0.10815000 0.11535000 -0.02082172 0.05009681
-1 -1 -1 1 -1 -1 -1
-0.74932500 0.55012500 0.38078318 -0.62812500 0.74167500 0.38337917 -0.62280000 0.72750000 0.00906628 0.37513001 0.01965000 0.15030000 0.04397791 0.03253631 0.03877500 0.70642500 0.35257413 0.21300379 -0.58522500 0.04177500 -0.43100145 0.18269374 -0.74932500 0.55012500 0.11703391 0.30978655 -0.16012500 0.05077500 -0.03573000 0.05100353 -0.15622500 0.05197500 -0.03635087 0.05567607
-1 -1 -1 1 -1 -1 -1
-0.55905000 0.56190000 0.38813915 -0.58875000 0.71295000 0.38685646 -0.57960000 0.71295000 0.04906207 0.36360065 -0.01425000 0.11422500 0.04030948 0.03653558 -0.01515000 0.72442500 0.33056121 0.21345282 -0.57532500 -0.01515000 -0.42598017 0.15829476 -0.55905000 0.69592500 0.13950000 0.29370203 -0.17782500 0.02677500 -0.03618168 0.05959938 -0.15780000 0.06262500 -0.04241185 0.05986961
-1 -1 -1 1 -1 -1 -1
-0.36262500 0.58005000 0.38836966 -0.57532500 0.72442500 0.39937439 -0.56512500 0.72952500 0.02433333 0.35307023 -0.01657500 0.07365000 0.03466833 0.03254329 -0.11062500 0.71550000 0.32761917 0.22108642 -0.59925000 -0.11062500 -0.44176417 0.13678322 -0.36262500 0.58005000 0.13334500 0.26398075 -0.16095000 0.09802500 -0.03531000 0.05817334 -0.11910000 0.09802500 -0.03038500 0.04108087
-1 -1 -1 1 -1 -1 -1
-0.16095000 0.51157500 0.40445433 -0.59925000 0.71550000 0.39906921 -0.59377500 0.74295000 0.06250500 0.35320588 0.01567500 0.07492500 0.03507500 0.01549039 -0.07515000 0.65542500 0.31750833 0.20675161 -0.61792500 -0.07515000 -0.45189167 0.15606465 -0.22537500 0.51157500 0.11796375 0.19082306 -0.16830000 0.12045000 -0.02308437 0.06080440 -0.11145000 0.12045000 -0.02087563 0.03927593
-1 -1 -1 1 -1 -1 -1
-0.74985000 0.59557500 0.42778244 -0.61792500 0.65542500 0.39469194 -0.60615000 0.73357500 0.05821601 0.37489881 0.02032500 0.09577500 0.04254691 0.02004949 -0.06030000 0.60487500 0.31080506 0.19410919 -0.56707500 -0.09360000 -0.43859157 0.14730195 -0.74985000 0.59557500 0.11775567 0.30748024 -0.18495000 0.01927500 -0.02580315 0.05847225 -0.16357500 0.14610000 -0.01471387 0.07667002
-1 -1 -1 1 -1 -1 -1
-0.73110000 0.55875000 0.37313843 -0.56707500 0.73357500 0.40730486 -0.55635000 0.70515000 0.05439049 0.32903016 0.02805000 0.10515000 0.04198777 0.01575798 -0.07897500 0.58410000 0.30130190 0.18353598 -0.57825000 -0.07897500 -0.43301984 0.15183814 -0.73110000 0.55875000 0.10025287 0.26708939 -0.15240000 0.03307500 -0.02033545 0.05032280 -0.09825000 0.12480000 -0.01571557 0.05119655
-1 -1 -1 1 -1 -1 -1
-0.54187500 0.49627500 0.38061123 -0.58522500 0.70642500 0.38300238 -0.58327500 0.71572500 0.00756453 0.38322386 0.01380000 0.11235000 0.04159273 0.01888832 0.00990000 0.74092500 0.35133401 0.23169475 -0.65827500 0.00990000 -0.43325058 0.18868500 -0.54187500 0.49627500 0.10327696 0.22683526 -0.21772500 0.02730000 -0.04100543 0.06499693 -0.15397500 0.14527500 -0.03767348 0.06725114
-1 -1 -1 1 -1 -1 -1
-0.65737500 0.63112500 0.38874645 -0.66412500 0.74092500 0.38615799 -0.66352500 0.74310000 0.01400431 0.39245953 0.01972500 0.11775000 0.03628190 0.02027189 0.03262500 0.74647500 0.34909138 0.23818817 -0.65257500 0.07582500 -0.44312155 0.20712023 -0.65737500 0.63112500 0.11430517 0.27405504 -0.21930000 0.01057500 -0.03278922 0.06025999 -0.14077500 0.07837500 -0.03508254 0.05314464
-1 -1 -1 1 -1 -1 -1
-0.74985000 0.57727500 0.38823557 -0.65257500 0.74647500 0.38736877 -0.64507500 0.72337500 0.01775776 0.37465015 0.00600000 0.10222500 0.03164483 0.01771640 -0.01215000 0.74077500 0.35184914 0.23061564 -0.61245000 -0.01215000 -0.43638190 0.18557061 -0.74985000 0.57727500 0.11037543 0.29840931 -0.18202500 0.03210000 -0.03521573 0.05065657 -0.11955000 0.05145000 -0.04128427 0.03681257
-1 -1 -1 1 -1 -1 -1
-0.59932500 0.48877500 0.39621477 -0.61245000 0.74077500 0.39846525 -0.60802500 0.70440000 0.01667750 0.36944901 -0.00195000 0.10305000 0.03829833 0.02268502 -0.04590000 0.74497500 0.34340000 0.23952516 -0.63967500 -0.11580000 -0.47704250 0.17709694 -0.59932500 0.48877500 0.09795875 0.23858114 -0.21187500 0.03232500 -0.03469062 0.05616641 -0.12105000 0.17437500 -0.01748125 0.06689481
-1 -1 -1 1 -1 -1 -1
-0.43650000 0.52732500 0.38816605 -0.63967500 0.74497500 0.38684082 -0.61740000 0.74332500 0.06030086 0.36515769 0.00547500 0.06622500 0.02877328 0.01282285 0.01732500 0.73320000 0.35219310 0.22349397 -0.60690000 0.01732500 -0.44238879 0.19474172 -0.43650000 0.69607500 0.11893836 0.26454252 -0.16432500 0.01500000 -0.03486336 0.05035187 -0.16432500 0.04507500 -0.03573750 0.05020297
-1 -1 -1 1 -1 -1 -1
-0.41932500 0.57442500 0.39719553 -0.60690000 0.73320000 0.40417280 -0.60307500 0.73800000 0.01681648 0.37958891 0.01672500 0.12330000 0.03823104 0.02010098 -0.02077500 0.72015000 0.33569341 0.22516724 -0.62047500 -0.02077500 -0.45585000 0.16803308 -0.41932500 0.70320000 0.10563347 0.28055871 -0.17970000 0.01087500 -0.02988471 0.04937708 -0.16282500 0.13380000 -0.03823574 0.06475777
-1 -1 -1 1 -1 -1 -1
-0.17970000 0.59392500 0.40383167 -0.62047500 0.72015000 0.39909554 -0.61770000 0.73410000 0.04684083 0.36486723 -0.00225000 0.07440000 0.02736833 0.01626780 -0.06982500 0.73380000 0.33807417 0.24188689 -0.68235000 -0.13612500 -0.47133167 0.17045486 -0.52132500 0.69270000 0.11385687 0.29151572 -0.20557500 0.02182500 -0.03288938 0.05422490 -0.15622500 0.15390000 -0.04413687 0.06844156
-1 -1 -1 1 -1 -1 -1
-0.20557500 0.58410000 0.38825235 -0.68235000 0.73380000 0.38716602 -0.65647500 0.74745000 0.07446810 0.35009730 0.01365000 0.08632500 0.03568103 0.01772392 -0.09750000 0.73342500 0.34293879 0.23249301 -0.67897500 -0.09750000 -0.46879914 0.17223247 -0.53565000 0.68017500 0.13151897 0.28678320 -0.15412500 0.01305000 -0.03141659 0.04731065 -0.13387500 0.12330000 -0.03139914 0.05834905
-1 -1 -1 1 -1 -1 -1
-0.15412500 0.59542500 0.39652042 -0.67897500 0.73342500 0.39428282 -0.67530000 0.73627500 0.03974073 0.37816546 0.00960000 0.10185000 0.03572444 0.01814716 -0.04972500 0.74737500 0.34767051 0.24439954 -0.71137500 -0.04972500 -0.47621376 0.20774962 -0.74985000 0.59542500 0.09012712 0.31800396 -0.20392500 0.01522500 -0.03400678 0.05604588 -0.13897500 0.08962500 -0.04265339 0.05776615
-1 -1 -1 1 -1 -1 -1
-0.20392500 0.57172500 0.38859158 -0.71137500 0.74737500 0.38763161 -0.66682500 0.73567500 0.04012241 0.38662902 0.01905000 0.14565000 0.04590259 0.02945216 0.01387500 0.74175000 0.35399397 0.22175274 -0.69855000 0.01387500 -0.46011293 0.22206523 -0.74047500 0.57172500 0.11012716 0.32024557 -0.15217500 0.01290000 -0.02603211 0.04564866 -0.12720000 0.07005000 -0.03376358 0.04167966
-1 -1 -1 1 -1 -1 -1
-0.15217500 0.57105000 0.40447960 -0.69855000 0.74175000 0.39884834 -0.68460000 0.74602500 0.02185333 0.39588891 0.00007500 0.06637500 0.02721167 0.01410967 0.03285000 0.72727500 0.33546083 0.22631697 -0.63180000 0.02565000 -0.41280000 0.19935078 -0.74430000 0.57105000 0.09453500 0.29296741 -0.17175000 0.02242500 -0.03429500 0.05157972 -0.17175000 0.04335000 -0.04349000 0.05066035
-1 -1 -1 1 -1 -1 -1
-0.74430000 0.57127500 0.39566202 -0.63180000 0.72727500 0.40334044 -0.61905000 0.72337500 0.00337500 0.39942574 0.00697500 0.15517500 0.03094687 0.02632001 -0.02842500 0.74490000 0.32939744 0.25393126 -0.70207500 -0.02842500 -0.45451790 0.19496459 -0.62107500 0.72360000 0.11547394 0.29935598 -0.15352500 0.01417500 -0.02780275 0.04493362 -0.15352500 0.03120000 -0.04594894 0.03727871
-1 -1 -1 1 -1 -1 -1
-0.17175000 0.49942500 0.38845720 -0.70207500 0.74490000 0.38287563 -0.68760000 0.73417500 0.05356483 0.37507216 0.02497500 0.08310000 0.04147064 0.01487986 -0.01597500 0.68602500 0.33902180 0.21166494 -0.60420000 -0.01597500 -0.45203808 0.18062234 -0.35670000 0.60405000 0.11760000 0.23866858 -0.13147500 0.08917500 -0.02447413 0.04492509 -0.13042500 0.08917500 -0.03497217 0.04380535
-1 -1 -1 1 -1 -1 -1
-0.15352500 0.47962500 0.39704075 -0.60420000 0.68602500 0.38303280 -0.59497500 0.68287500 0.02367645 0.37738350 0.00330000 0.11812500 0.03062965 0.02623040 0.03570000 0.74745000 0.26747006 0.24119242 -0.61110000 0.73470000 -0.24782878 0.39554080 -0.37702500 0.47962500 0.08875239 0.19111820 -0.08302500 0.01102500 -0.01508935 0.02271376 -0.18225000 0.01575000 -0.05876478 0.04868287
-1 -1 -1 1 -1 -1 -1
-0.15980000 0.62670000 0.24659433 -0.64720000 0.73060000 0.32465239 -0.64610000 0.27640000 -0.21188219 0.32094689 -0.04610000 0.73060000 0.19487671 0.21545316 0.02690000 0.33500000 0.20081370 0.09670758 -0.66480000 0.09680000 -0.36491370 0.26769705 -0.10220000 0.62670000 0.21544388 0.19434945 -0.14300000 0.19460000 0.00862347 0.09619930 -0.15980000 0.11860000 -0.01733061 0.08892667
-1 -1 -1 -1 1 -1 -1
-0.17790000 0.50290000 0.37953005 -0.66480000 0.77380000 0.30950642 -0.66150000 0.56540000 -0.07770429 0.36700052 -0.13960000 0.77380000 0.15074571 0.21786520 0.05160000 0.37610000 0.22599000 0.10804502 -0.69420000 0.14670000 -0.37817857 0.28377468 0.02740000 0.50290000 0.23840108 0.17591247 -0.12790000 0.13860000 0.01711183 0.09417868 -0.17790000 0.09090000 -0.01118280 0.09667071
-1 -1 -1 -1 1 -1 -1
-0.17040000 0.49410000 0.26239996 -0.69420000 0.84900000 0.31633320 -0.68540000 0.40630000 -0.16582958 0.34416214 -0.06380000 0.84900000 0.18606338 0.24869742 -0.01410000 0.38540000 0.20419577 0.12648300 -0.72300000 0.16800000 -0.36437465 0.28114118 -0.00490000 0.49410000 0.23098947 0.16918387 -0.14220000 0.13670000 0.02089789 0.08727026 -0.17040000 0.11270000 -0.00343895 0.10752217
-1 -1 -1 -1 1 -1 -1
-0.15030000 0.49680000 0.31648445 -0.72300000 0.75380000 0.31237040 -0.71330000 0.52340000 -0.14977286 0.36259254 -0.03040000 0.75380000 0.20695714 0.22799515 -0.00780000 0.36760000 0.20841000 0.12134065 -0.64530000 0.24090000 -0.30919286 0.29354251 -0.13310000 0.63700000 0.24521809 0.22440769 -0.15030000 0.21040000 0.02148404 0.09291587 -0.14770000 0.08950000 -0.01918830 0.09104047
-1 -1 -1 -1 1 -1 -1
-0.24660000 0.44030000 0.30200996 -0.64530000 0.90700000 0.30541639 -0.64240000 0.46800000 -0.20435652 0.35867027 -0.03650000 0.90700000 0.20302899 0.24855428 0.02920000 0.36740000 0.21218551 0.11236731 -0.68570000 0.24420000 -0.32817536 0.30359123 -0.24660000 0.59390000 0.24201739 0.20538755 -0.14770000 0.16930000 0.01857500 0.09404735 -0.17400000 0.13840000 -0.01208478 0.10707161
-1 -1 -1 -1 1 -1 -1
-0.20280000 0.45640000 0.37252684 -0.68570000 0.89490000 0.31687040 -0.68200000 0.37190000 -0.24205493 0.33262599 -0.14290000 0.89490000 0.20694930 0.25986862 -0.00790000 0.42100000 0.24400282 0.14575109 -0.72280000 0.27320000 -0.34564507 0.33416863 -0.20280000 0.45640000 0.23127053 0.17099065 -0.15160000 0.44280000 -0.00014842 0.09987975 -0.14780000 0.14630000 -0.00425579 0.09719412
-1 -1 -1 -1 1 -1 -1
-0.17130000 0.65160000 0.25282841 -0.72280000 0.83860000 0.30844917 -0.71250000 0.37570000 -0.19999565 0.35589062 -0.02410000 0.83860000 0.22743768 0.24785163 0.05830000 0.33870000 0.21891884 0.09999331 -0.70200000 0.21660000 -0.30164928 0.30734386 -0.04620000 0.65160000 0.24133871 0.21719974 -0.12100000 0.15920000 0.00097957 0.09246025 -0.17130000 0.09650000 -0.00326022 0.08547173
-1 -1 -1 -1 1 -1 -1
-0.15630000 0.47390000 0.32488117 -0.70200000 0.88380000 0.31623764 -0.69820000 0.47810000 -0.22082817 0.35982851 -0.08960000 0.88380000 0.21082254 0.23908388 -0.00540000 0.39400000 0.21420423 0.14278730 -0.72310000 0.31520000 -0.29286056 0.34842554 -0.29600000 0.69160000 0.23814947 0.23614266 -0.15630000 0.13830000 0.01734842 0.08812064 -0.15530000 0.07100000 -0.01335789 0.07826495
-1 -1 -1 -1 1 -1 -1
-0.13610000 0.49190000 0.30961676 -0.72310000 0.88670000 0.32143555 -0.71960000 0.46700000 -0.22277639 0.37304731 -0.04390000 0.88670000 0.18343611 0.25192944 -0.03200000 0.37380000 0.20816528 0.12906240 -0.70680000 0.14450000 -0.34155972 0.28897322 -0.02830000 0.49190000 0.23296598 0.17610851 -0.13460000 0.14530000 0.01529485 0.09180630 -0.13610000 0.10530000 0.00878866 0.08106256
-1 -1 -1 -1 1 -1 -1
-0.17610000 0.59280000 0.30178442 -0.70680000 0.93240000 0.30416079 -0.70370000 0.45790000 -0.13085588 0.36383930 -0.10680000 0.93240000 0.17922500 0.26765216 -0.02940000 0.38090000 0.22520294 0.13791275 -0.75120000 0.29500000 -0.32184412 0.35785807 0.02260000 0.59280000 0.24886593 0.19942937 -0.17610000 0.15990000 0.01988242 0.10245922 -0.17410000 0.06460000 -0.02304396 0.06665315
-1 -1 -1 -1 1 -1 -1
-0.26810000 0.54480000 0.31643925 -0.75120000 0.91220000 0.30538321 -0.74180000 0.49270000 -0.21678696 0.38531269 -0.09920000 0.91220000 0.19215217 0.25779331 -0.01400000 0.37440000 0.22891884 0.13161803 -0.68520000 0.31720000 -0.30631594 0.34829176 -0.26810000 0.65370000 0.28578913 0.24692616 -0.21010000 0.17970000 0.01255435 0.10744303 -0.19680000 0.09370000 -0.01924348 0.08859302
-1 -1 -1 -1 1 -1 -1
-0.29080000 0.47660000 0.30953035 -0.68520000 0.93940000 0.31711121 -0.67990000 0.52220000 -0.24249718 0.36403049 -0.05130000 0.93940000 0.21472958 0.27033237 -0.06590000 0.39960000 0.21229859 0.15037956 -0.70840000 0.26870000 -0.34622958 0.32209537 -0.29080000 0.52660000 0.26100105 0.21285626 -0.16030000 0.15600000 0.01459158 0.09540680 -0.17370000 0.10030000 -0.00765895 0.08524210
-1 -1 -1 -1 1 -1 -1
-0.44950000 0.51650000 0.30905361 -0.70840000 0.95740000 0.30800924 -0.70570000 0.52990000 -0.16891594 0.38656443 -0.04510000 0.95740000 0.19167536 0.25984622 -0.02280000 0.34510000 0.20185362 0.12281701 -0.70710000 0.18820000 -0.33515507 0.29506151 -0.44950000 0.77760000 0.24895054 0.27740508 -0.19370000 0.14160000 -0.00068387 0.09698712 -0.11970000 0.07680000 -0.00186559 0.06020089
-1 -1 -1 -1 1 -1 -1
-0.13260000 0.59320000 0.30110044 -0.70710000 0.89710000 0.30431242 -0.70080000 0.54010000 -0.15471176 0.37545088 0.02110000 0.89710000 0.20900882 0.24510265 -0.02800000 0.40140000 0.22771765 0.14647977 -0.70620000 0.26110000 -0.32566029 0.31252254 0.02470000 0.59320000 0.26100549 0.19014076 -0.13260000 0.17310000 0.00969121 0.08673872 -0.12190000 0.05300000 -0.02310879 0.05976579
-1 -1 -1 -1 1 -1 -1
-0.22090000 0.49600000 0.31763954 -0.70620000 0.79600000 0.31760998 -0.70150000 0.41000000 -0.18059155 0.38392048 -0.08390000 0.79600000 0.19578873 0.23632318 -0.09120000 0.39390000 0.20823099 0.15372825 -0.66920000 0.30510000 -0.29866620 0.32702952 -0.22090000 0.54260000 0.24858105 0.20263752 -0.12270000 0.14300000 0.01677158 0.09733031 -0.13710000 0.06340000 -0.00807474 0.06689745
-1 -1 -1 -1 1 -1 -1
-0.20070000 0.51540000 0.32458477 -0.66920000 0.88200000 0.31684523 -0.66680000 0.46040000 -0.15260986 0.36701552 -0.08180000 0.88200000 0.15596620 0.25040654 -0.04910000 0.38880000 0.24187606 0.14815164 -0.68130000 0.27350000 -0.35680986 0.31877171 -0.20070000 0.58390000 0.23010316 0.22098113 -0.11590000 0.16040000 0.00262526 0.08610521 -0.12190000 0.08510000 -0.01028105 0.06261922
-1 -1 -1 -1 1 -1 -1
-0.26500000 0.51410000 0.30075808 -0.68130000 0.89920000 0.30472040 -0.67580000 0.51960000 -0.15833478 0.38212900 -0.14160000 0.89920000 0.18985362 0.26027902 0.04680000 0.35330000 0.22521304 0.11278182 -0.69280000 0.28180000 -0.33692174 0.31526191 -0.26500000 0.51410000 0.23980870 0.20709502 -0.13830000 0.11360000 -0.00985870 0.09177569 -0.10430000 0.06890000 -0.00556304 0.06134693
-1 -1 -1 -1 1 -1 -1
-0.16120000 0.48690000 0.31726675 -0.69280000 0.88660000 0.31249676 -0.68820000 0.45200000 -0.18923571 0.37837662 -0.09310000 0.88660000 0.19861000 0.24914640 -0.00230000 0.42710000 0.25521571 0.15354750 -0.73180000 0.34700000 -0.31864000 0.35836207 -0.08500000 0.48690000 0.23242979 0.17646167 -0.16120000 0.14890000 0.00505106 0.09058217 -0.09740000 0.07300000 -0.00887766 0.05445102
-1 -1 -1 -1 1 -1 -1
-0.11290000 0.51690000 0.30967522 -0.73180000 0.86810000 0.30390358 -0.72860000 0.48820000 -0.20652500 0.39789743 -0.06170000 0.86810000 0.19615294 0.26037703 -0.06730000 0.41560000 0.24066324 0.16655282 -0.73910000 0.35230000 -0.28356912 0.35851217 -0.11290000 0.64180000 0.26002198 0.22530574 -0.18470000 0.16090000 0.00028571 0.09583915 -0.12160000 0.08890000 -0.01706484 0.06873809
-1 -1 -1 -1 1 -1 -1
-0.17830000 0.53360000 0.30075245 -0.73910000 0.88140000 0.30957804 -0.72960000 0.41170000 -0.23283857 0.35970435 -0.02380000 0.88140000 0.21819857 0.24410743 -0.05120000 0.45450000 0.24360143 0.17089519 -0.78770000 0.34920000 -0.35602429 0.37400184 0.00960000 0.53360000 0.24614839 0.17348514 -0.13780000 0.15610000 0.02320860 0.09384036 -0.17830000 0.05980000 -0.03943118 0.06659874
-1 -1 -1 -1 1 -1 -1
-0.15260000 0.53020000 0.31707878 -0.78770000 0.83570000 0.30818319 -0.78450000 0.49390000 -0.23082174 0.42088680 -0.02430000 0.83570000 0.20806522 0.24475463 -0.04470000 0.41210000 0.21448261 0.15366788 -0.73420000 0.25890000 -0.32484783 0.33648167 -0.44980000 0.84510000 0.25524891 0.30797019 -0.13570000 0.18450000 0.01598478 0.09862030 -0.15260000 0.08080000 -0.01955652 0.07179433
-1 -1 -1 -1 1 -1 -1
-0.13090000 0.48890000 0.30166674 -0.73420000 0.75670000 0.31291838 -0.73020000 0.35800000 -0.22534000 0.37691995 -0.08680000 0.75670000 0.19862857 0.24893029 -0.00240000 0.43390000 0.23180714 0.15317316 -0.73080000 0.31510000 -0.31786714 0.33790181 -0.17830000 0.48890000 0.24065000 0.19155691 -0.14770000 0.12640000 0.00777340 0.09409665 -0.12920000 0.05670000 -0.02289362 0.06786788
-1 -1 -1 -1 1 -1 -1
-0.11230000 0.47620000 0.30876007 -0.73080000 0.85890000 0.31638479 -0.72320000 0.46340000 -0.17472958 0.38201850 -0.09530000 0.85890000 0.18007465 0.22474728 0.00280000 0.42370000 0.23865634 0.13691251 -0.71780000 0.15690000 -0.40449859 0.29596506 0.01140000 0.47620000 0.24032553 0.15171123 -0.13090000 0.16820000 0.01238298 0.09075995 -0.11670000 0.05390000 -0.01895213 0.05742047
-1 -1 -1 -1 1 -1 -1
-0.18640000 0.58750000 0.30880680 -0.71780000 0.89400000 0.30441284 -0.70700000 0.58150000 -0.10883971 0.37709550 -0.01940000 0.89400000 0.18911176 0.22967347 -0.06340000 0.42000000 0.23968824 0.15713540 -0.75310000 0.22130000 -0.34018971 0.33862157 0.00450000 0.58750000 0.26730220 0.18063610 -0.10890000 0.13750000 0.02010879 0.08511823 -0.11230000 0.07290000 -0.01198681 0.06381894
-1 -1 -1 -1 1 -1 -1
-0.16610000 0.55900000 0.31690874 -0.75310000 0.82090000 0.30467482 -0.74530000 0.46170000 -0.20460441 0.38697862 -0.03970000 0.82090000 0.20706912 0.24236802 -0.07010000 0.42260000 0.19195588 0.17128938 -0.72810000 0.35870000 -0.25005000 0.37182303 -0.07020000 0.60330000 0.25495714 0.22850978 -0.18640000 0.16920000 0.01168681 0.10203704 -0.09720000 0.07490000 -0.01473407 0.06585159
-1 -1 -1 -1 1 -1 -1
-0.14660000 0.59570000 0.30956478 -0.72810000 0.90160000 0.31266756 -0.72560000 0.55550000 -0.26602857 0.39022180 -0.04450000 0.90160000 0.20913143 0.24957894 -0.08330000 0.39310000 0.18402429 0.17449063 -0.73570000 0.32500000 -0.27242286 0.36492388 -0.23370000 0.60270000 0.24869362 0.24137711 -0.16610000 0.15310000 0.01930426 0.09205010 -0.13030000 0.06540000 -0.03028617 0.06642373
-1 -1 -1 -1 1 -1 -1
-0.15780000 0.61940000 0.30894527 -0.73570000 0.92440000 0.30927038 -0.73100000 0.56870000 -0.24392029 0.40690931 -0.03970000 0.92440000 0.22371014 0.25212995 -0.04530000 0.40550000 0.19011449 0.15205596 -0.78690000 0.28460000 -0.32450290 0.36275911 -0.38610000 0.63860000 0.25543763 0.27720934 -0.11900000 0.12140000 0.01666452 0.08584781 -0.14660000 0.08200000 -0.04058817 0.06588608
-1 -1 -1 -1 1 -1 -1
-0.42460000 0.55640000 0.34065399 -0.78690000 0.81320000 0.34206200 -0.78060000 0.58330000 -0.13586104 0.44356384 0.00130000 0.81320000 0.15603766 0.18364512 -0.01230000 0.32160000 0.17194935 0.11269228 -0.63170000 -0.01230000 -0.47178961 0.18775306 -0.13130000 0.87170000 0.25282524 0.27193807 -0.10680000 0.15610000 0.01752718 0.07359965 -0.15780000 0.08650000 -0.00192718 0.08130459
-1 -1 -1 -1 1 -1 -1
-0.17340000 0.49230000 0.30910397 -0.74310000 0.91670000 0.31208963 -0.73460000 0.29350000 -0.20501714 0.35625575 -0.12120000 0.72090000 0.21552571 0.23866861 0.03550000 0.41780000 0.24324571 0.12702089 -0.76090000 0.29710000 -0.31419857 0.35280492 -0.08090000 0.49230000 0.25331064 0.16508565 -0.13830000 0.14750000 0.00314681 0.09335704 -0.17340000 0.08480000 -0.02050213 0.08311320
-1 -1 -1 -1 1 -1 -1
-0.19060000 0.47670000 0.30928564 -0.76090000 0.72090000 0.30943594 -0.75200000 0.33660000 -0.18404143 0.36349101 -0.02930000 0.75620000 0.18498429 0.22479785 0.01220000 0.37450000 0.22860857 0.11486220 -0.71020000 0.11930000 -0.38889286 0.28369321 -0.14230000 0.50310000 0.24168280 0.18595738 -0.18090000 0.16890000 0.00262366 0.10204795 -0.19060000 0.08720000 -0.02288280 0.09230697
-1 -1 -1 -1 1 -1 -1
-0.17360000 0.53370000 0.30110559 -0.71020000 0.75620000 0.29983521 -0.70570000 0.42640000 -0.15123881 0.39396744 -0.08770000 0.94930000 0.22307313 0.27806409 -0.00770000 0.40070000 0.21812090 0.13634990 -0.73240000 0.25510000 -0.32034776 0.31882779 -0.18320000 0.68090000 0.25427333 0.24149862 -0.15830000 0.17290000 0.00788000 0.10211006 -0.17360000 0.11150000 -0.02693778 0.09830813
-1 -1 -1 -1 1 -1 -1
-0.18310000 0.50990000 0.30141478 -0.73240000 0.94930000 0.30912361 -0.72620000 0.45030000 -0.19249714 0.36923980 -0.07790000 0.90530000 0.19858857 0.25243357 0.01940000 0.38220000 0.22474286 0.12177076 -0.70700000 0.16190000 -0.39875143 0.29656651 -0.13000000 0.50990000 0.25124624 0.18560536 -0.18310000 0.17050000 0.00614731 0.10727156 -0.15180000 0.06780000 -0.02160215 0.07514256
-1 -1 -1 -1 1 -1 -1
-0.15280000 0.54760000 0.30183878 -0.70700000 0.90530000 0.29976721 -0.69810000 0.67480000 -0.14351045 0.38706442 -0.09170000 0.92860000 0.19486119 0.25454376 0.02610000 0.35740000 0.21575224 0.10751146 -0.69850000 0.15160000 -0.33880597 0.29323820 -0.38010000 0.71370000 0.25109889 0.26903298 -0.13620000 0.13480000 0.00231111 0.09100377 -0.15280000 0.07900000 -0.01182667 0.07905133
-1 -1 -1 -1 1 -1 -1
-0.16570000 0.46790000 0.31660604 -0.69850000 0.92860000 0.30978518 -0.69210000 0.34010000 -0.18795429 0.34568855 -0.17640000 0.81560000 0.18921000 0.26241340 -0.00520000 0.41540000 0.24898429 0.15122906 -0.79800000 0.32620000 -0.35880143 0.38710287 -0.31540000 0.54880000 0.25097634 0.21831355 -0.16570000 0.16910000 0.01087742 0.10134107 -0.16060000 0.06490000 -0.03543871 0.07961341
-1 -1 -1 -1 1 -1 -1
-0.24910000 0.58230000 0.30174236 -0.79800000 0.81560000 0.29946604 -0.79760000 0.40920000 -0.22550299 0.39224311 -0.09040000 0.86480000 0.20727463 0.25429298 -0.01890000 0.42780000 0.22643134 0.16159682 -0.78670000 0.36500000 -0.27712537 0.39618444 -0.24910000 0.80170000 0.25833000 0.29012888 -0.13660000 0.16930000 0.01079556 0.09002760 -0.18800000 0.13770000 -0.03290778 0.10790821
-1 -1 -1 -1 1 -1 -1
-0.20810000 0.46650000 0.30860405 -0.78670000 0.86480000 0.31317396 -0.78290000 0.49200000 -0.28112714 0.39746288 -0.14610000 0.89610000 0.19236143 0.25922189 -0.02610000 0.30880000 0.17918714 0.11448527 -0.71190000 0.24170000 -0.31373571 0.30905026 -0.20810000 0.46650000 0.25067766 0.18321241 -0.21660000 0.13130000 0.00692553 0.10430919 -0.17550000 0.07140000 -0.02960638 0.07920704
-1 -1 -1 -1 1 -1 -1
-0.36100000 0.59400000 0.31694641 -0.71190000 0.89610000 0.31711321 -0.70340000 0.43330000 -0.14643239 0.36982562 -0.05240000 0.85050000 0.20049155 0.24338277 -0.05400000 0.43430000 0.22330986 0.16765159 -0.76640000 0.29500000 -0.32687887 0.36527579 -0.36100000 0.59400000 0.24837053 0.23748208 -0.13190000 0.12580000 0.02411158 0.08608281 -0.12460000 0.06670000 -0.03245895 0.06242211
-1 -1 -1 -1 1 -1 -1
-0.29810000 0.54010000 0.30182877 -0.76640000 0.85050000 0.30835924 -0.75840000 0.55110000 -0.18916232 0.41925056 -0.06460000 0.83580000 0.20828841 0.25467430 -0.03160000 0.41870000 0.22123913 0.16229758 -0.79540000 0.30950000 -0.33224928 0.36094726 -0.29810000 0.64610000 0.26069247 0.24638793 -0.18020000 0.17530000 0.01202366 0.09724844 -0.16320000 0.07620000 -0.03173978 0.07648625
-1 -1 -1 -1 1 -1 -1
-0.06100000 0.59510000 0.31670723 -0.79540000 0.83580000 0.31244040 -0.78750000 0.43680000 -0.16250000 0.42704796 -0.09820000 0.83470000 0.18098429 0.25392245 0.00330000 0.38040000 0.23195429 0.13221664 -0.73040000 0.21790000 -0.37890429 0.31440316 -0.08610000 0.59510000 0.26544149 0.22873201 -0.17680000 0.18340000 0.00727447 0.10712896 -0.11820000 0.08110000 -0.01170745 0.06977360
-1 -1 -1 -1 1 -1 -1
-0.39660000 0.57320000 0.30871754 -0.73040000 0.83470000 0.31280642 -0.72530000 0.47790000 -0.14828571 0.39632628 -0.01730000 0.85640000 0.18081286 0.22507169 -0.04910000 0.44050000 0.26062571 0.15636327 -0.79540000 0.15480000 -0.44776143 0.32695828 -0.39660000 0.59010000 0.22751183 0.25506173 -0.12520000 0.14720000 0.01425269 0.08417907 -0.16160000 0.02050000 -0.03345376 0.05241653
-1 -1 -1 -1 1 -1 -1
-0.16310000 0.63640000 0.30184727 -0.79540000 0.85640000 0.30110874 -0.78760000 0.87980000 -0.08502794 0.44174645 -0.04110000 0.87980000 0.18833971 0.22950226 -0.01390000 0.39630000 0.23235147 0.13763140 -0.74550000 0.12980000 -0.39955294 0.29982205 -0.16310000 0.64550000 0.26790222 0.25987080 -0.15430000 0.15820000 0.01120889 0.09316680 -0.15670000 0.07920000 -0.02241556 0.07155910
-1 -1 -1 -1 1 -1 -1
-0.44630000 0.69030000 0.30859442 -0.74550000 0.87980000 0.30063601 -0.74010000 0.69440000 -0.13592059 0.39852941 -0.05980000 0.93920000 0.19123235 0.24882907 -0.03010000 0.35460000 0.21566765 0.12898402 -0.78440000 0.22310000 -0.36228235 0.35404563 -0.44630000 0.74910000 0.27051000 0.31440157 -0.13520000 0.19730000 0.01971889 0.08996132 -0.14680000 0.09860000 -0.03688000 0.08254788
-1 -1 -1 -1 1 -1 -1
-0.19240000 0.56270000 0.30951195 -0.78440000 0.93920000 0.31208677 -0.77550000 0.45040000 -0.20230857 0.39669486 -0.13600000 0.74500000 0.20470143 0.25109436 0.02660000 0.45830000 0.25226286 0.15217757 -0.77840000 0.24140000 -0.38290857 0.35495727 -0.19240000 0.68940000 0.25059149 0.26735689 -0.17050000 0.12910000 -0.00190638 0.10377842 -0.12450000 0.05430000 -0.02375000 0.06111126
-1 -1 -1 -1 1 -1 -1
-0.14440000 0.59910000 0.30963478 -0.77840000 0.74500000 0.30491161 -0.76910000 0.58040000 -0.14647246 0.41080246 -0.09780000 0.84410000 0.17506667 0.24665073 -0.00340000 0.40030000 0.23390145 0.14031871 -0.72460000 0.24110000 -0.33173188 0.33680104 -0.07870000 0.59910000 0.25051739 0.21128877 -0.14440000 0.18160000 0.02156739 0.09300745 -0.11430000 0.06530000 -0.02465109 0.06327714
-1 -1 -1 -1 1 -1 -1
-0.13910000 0.51000000 0.30851965 -0.72460000 0.84410000 0.31309919 -0.72010000 0.48460000 -0.20011571 0.36921810 -0.09490000 0.94700000 0.19008429 0.25195605 -0.03150000 0.40920000 0.20329000 0.16010252 -0.79490000 0.32310000 -0.30500571 0.37408517 -0.52430000 0.73340000 0.23923723 0.29531030 -0.13750000 0.15820000 0.02455000 0.08765828 -0.13910000 0.05730000 -0.02569149 0.06165480
-1 -1 -1 -1 1 -1 -1
-0.15240000 0.57380000 0.31741161 -0.79490000 0.94700000 0.32071323 -0.78140000 0.40000000 -0.18767500 0.38854329 -0.03450000 0.87480000 0.18293889 0.22937885 0.01040000 0.32460000 0.18572222 0.11584506 -0.64090000 0.17530000 -0.33665972 0.26789002 -0.43750000 0.59960000 0.22495625 0.25849810 -0.06970000 0.10990000 0.03393437 0.05947033 -0.15240000 0.12130000 0.00788854 0.09189808
-1 -1 -1 -1 1 -1 -1
0.07160000 0.79300000 0.30079803 -0.96310000 0.88700000 0.29637241 -0.95990000 0.88700000 -0.43117612 0.48957332 -0.11410000 0.88700000 0.34130896 0.28975183 -0.01680000 0.46190000 0.26027015 0.15127796 -0.87580000 0.39940000 -0.33594179 0.44905627 -0.02090000 0.79300000 0.34102697 0.27820051 -0.27220000 0.65970000 0.01730112 0.14834155 -0.16020000 0.19300000 -0.03438202 0.12259538
-1 -1 -1 -1 -1 1 -1
-0.23670000 0.63600000 0.30069876 -0.87580000 0.89320000 0.32091761 -0.86290000 0.32090000 -0.38936389 0.40945167 -0.04410000 0.89320000 0.31930278 0.28524406 -0.10820000 0.56300000 0.29291944 0.22675325 -0.92040000 0.28200000 -0.48638611 0.41410471 -0.23670000 0.86570000 0.29093229 0.28696347 -0.20810000 0.22080000 0.02540000 0.11455343 -0.25590000 0.05890000 -0.06691458 0.09451141
-1 -1 -1 -1 -1 1 -1
-0.17480000 0.85750000 0.28564205 -0.92040000 0.96300000 0.28783922 -0.91430000 0.81090000 -0.17738814 0.50181384 -0.03950000 0.96300000 0.23445424 0.27084608 0.11070000 0.58750000 0.42949492 0.13380671 -0.96210000 0.22310000 -0.53908475 0.40288109 0.04750000 0.85750000 0.37582911 0.25667701 -0.12960000 0.17920000 0.03082278 0.08624333 -0.17480000 0.02440000 -0.06607342 0.06106419
-1 -1 -1 -1 -1 1 -1
-0.21480000 0.73450000 0.30944433 -0.96210000 0.92770000 0.29178476 -0.95650000 0.53550000 -0.30488030 0.47493536 -0.00840000 0.92770000 0.29748939 0.29603960 -0.05670000 0.53950000 0.29076515 0.22571430 -0.87120000 0.43510000 -0.31338182 0.46188268 -0.03500000 0.73450000 0.33784886 0.25471369 -0.16350000 0.23350000 0.02835568 0.11883311 -0.21480000 0.05840000 -0.05997614 0.07310893
-1 -1 -1 -1 -1 1 -1
-0.21580000 0.75360000 0.30946722 -0.87120000 0.94080000 0.29732037 -0.86810000 0.18930000 -0.45394030 0.40418444 -0.14630000 0.94080000 0.29713582 0.30642519 -0.05760000 0.60800000 0.26843731 0.24414438 -0.92020000 0.52080000 -0.14351045 0.50697397 -0.02050000 0.75360000 0.28114045 0.25085116 -0.21580000 0.42250000 0.06092809 0.15553141 -0.21350000 0.07060000 -0.08388427 0.08705440
-1 -1 -1 -1 -1 1 -1
-0.19970000 0.76000000 0.30079517 -0.92020000 0.92180000 0.31617765 -0.91610000 0.19600000 -0.54253380 0.40298480 0.01900000 0.92180000 0.32194789 0.28132143 -0.08010000 0.54020000 0.27091690 0.21032395 -0.93650000 0.45310000 -0.29409577 0.51188655 -0.03500000 0.76000000 0.29404842 0.26507884 -0.19970000 0.30390000 0.04430632 0.15313858 -0.17630000 0.08380000 -0.06361158 0.07178187
-1 -1 -1 -1 -1 1 -1
-0.34930000 0.72460000 0.30081758 -0.93650000 0.92300000 0.30531960 -0.93190000 0.75970000 -0.40802174 0.50275112 -0.18450000 0.92300000 0.30958696 0.30504332 -0.05660000 0.59390000 0.28962319 0.22601265 -0.89220000 0.35800000 -0.42103478 0.41701222 -0.34930000 0.79230000 0.29372826 0.32320288 -0.20610000 0.22140000 0.01150761 0.11387869 -0.20510000 0.09330000 -0.05211413 0.08363995
-1 -1 -1 -1 -1 1 -1
-0.34360000 0.72920000 0.30178528 -0.89220000 0.93860000 0.30402756 -0.89130000 0.66490000 -0.27327353 0.49803452 -0.05840000 0.93860000 0.30295294 0.24601688 -0.08650000 0.53530000 0.27407059 0.21938765 -0.87020000 0.32910000 -0.37795147 0.42499919 -0.34360000 0.76550000 0.29358022 0.31952645 -0.20860000 0.20420000 0.01790110 0.10648539 -0.17700000 0.07170000 -0.04665714 0.07350782
-1 -1 -1 -1 -1 1 -1
-0.37160000 0.66950000 0.30876036 -0.87020000 0.92270000 0.30088158 -0.85740000 0.60930000 -0.26950147 0.46045005 -0.03720000 0.92270000 0.26064559 0.27244061 -0.05560000 0.61870000 0.32401176 0.24169481 -0.92470000 0.37500000 -0.40234118 0.46404651 -0.37160000 0.66950000 0.29180220 0.27833171 -0.21070000 0.28120000 0.02405714 0.12793810 -0.21490000 0.07850000 -0.06604066 0.07716108
-1 -1 -1 -1 -1 1 -1
-0.20210000 0.73870000 0.30097399 -0.92470000 0.93180000 0.30436563 -0.92140000 0.90650000 -0.30392029 0.51607203 -0.12810000 0.93180000 0.25122754 0.28184151 -0.04630000 0.56470000 0.31893768 0.21569630 -0.87560000 0.35690000 -0.43994058 0.41560023 -0.00500000 0.73870000 0.32022500 0.23850566 -0.17330000 0.23250000 0.01896196 0.09975293 -0.20210000 0.09860000 -0.05746304 0.07429998
-1 -1 -1 -1 -1 1 -1
-0.24980000 0.75900000 0.30973606 -0.87560000 0.93560000 0.30461683 -0.87430000 0.75470000 -0.26213188 0.51845548 -0.16710000 0.93560000 0.22418551 0.29348817 -0.09200000 0.57730000 0.30183913 0.23791937 -0.91630000 0.41530000 -0.38958116 0.45756915 -0.02080000 0.75900000 0.30745000 0.24372767 -0.17690000 0.20840000 0.01765978 0.10119026 -0.24980000 0.11880000 -0.05736848 0.10258354
-1 -1 -1 -1 -1 1 -1
-0.19180000 0.65290000 0.30900679 -0.91630000 0.93330000 0.32085876 -0.91580000 0.78380000 -0.30978611 0.48227963 -0.18310000 0.93330000 0.23778889 0.27009270 -0.04390000 0.43930000 0.24617222 0.17528730 -0.87430000 0.29800000 -0.39873611 0.41212208 -0.11330000 0.65290000 0.27867813 0.25304438 -0.09950000 0.17970000 0.03631146 0.08262158 -0.19180000 0.06510000 -0.05775938 0.07254301
-1 -1 -1 -1 -1 1 -1
-0.22240000 0.50710000 0.30059557 -0.60730000 0.61710000 0.29268999 -0.60700000 0.33470000 -0.16957424 0.33264424 -0.01610000 0.61710000 0.20173485 0.16975592 0.04120000 0.34780000 0.22814091 0.10140458 -0.73930000 0.19290000 -0.33719848 0.32068286 -0.18690000 0.50710000 0.23587500 0.19115871 -0.22240000 0.28140000 0.00944659 0.14198631 -0.20760000 0.14430000 -0.00662500 0.11515111
-1 -1 -1 -1 -1 1 -1
-0.24100000 0.50820000 0.31712008 -0.73930000 0.83510000 0.30864477 -0.73800000 0.14860000 -0.32432899 0.33302200 -0.02380000 0.83510000 0.25404058 0.24401996 -0.04720000 0.38690000 0.20252609 0.13416417 -0.75140000 0.37100000 -0.22860145 0.39565711 -0.00510000 0.50820000 0.27377527 0.16346031 -0.24100000 0.25330000 0.00839677 0.11741905 -0.15670000 0.12520000 -0.03434516 0.09325515
-1 -1 -1 -1 -1 1 -1
-0.19140000 0.63890000 0.30890760 -0.75140000 0.94880000 0.30873842 -0.74590000 0.48460000 -0.35997246 0.38567742 -0.12130000 0.94880000 0.24703623 0.27793111 -0.04520000 0.41330000 0.23544638 0.13976560 -0.78790000 0.36260000 -0.30201014 0.39700468 -0.11340000 0.67970000 0.28989032 0.23372452 -0.19140000 0.19950000 -0.01255161 0.12924150 -0.14910000 0.10520000 -0.01940860 0.08869189
-1 -1 -1 -1 -1 1 -1
-0.23780000 0.62370000 0.30155201 -0.78790000 0.90990000 0.30402603 -0.77650000 0.42940000 -0.31960588 0.40530755 -0.09070000 0.90990000 0.25805588 0.27085811 -0.00280000 0.53470000 0.27319412 0.18964483 -0.81050000 0.41120000 -0.30370294 0.42240368 0.06030000 0.62370000 0.28980659 0.19239388 -0.23780000 0.43460000 0.02436154 0.13807611 -0.21780000 0.12460000 -0.04276813 0.12376157
-1 -1 -1 -1 -1 1 -1
-0.13570000 0.74260000 0.33298311 -0.81050000 0.91090000 0.30503597 -0.80400000 0.64420000 -0.33814783 0.40686132 -0.08530000 0.91090000 0.26980290 0.27271981 -0.02450000 0.49940000 0.28163188 0.17689878 -0.84790000 0.36950000 -0.37095072 0.41990323 -0.13570000 0.74260000 0.31416630 0.26412250 -0.19690000 0.19770000 0.00107174 0.11708935 -0.16470000 0.12020000 -0.03207935 0.08055837
-1 -1 -1 -1 -1 1 -1
-0.09770000 0.61170000 0.26924763 -0.84790000 0.94990000 0.30465040 -0.83600000 0.61940000 -0.34861014 0.41236345 -0.12200000 0.94990000 0.23809420 0.27692940 -0.02160000 0.51330000 0.28438696 0.15805508 -0.81870000 0.35680000 -0.39044928 0.38660463 -0.09770000 0.61170000 0.29429130 0.21875255 -0.19730000 0.22590000 0.00600435 0.12910381 -0.22540000 0.12910000 -0.03567174 0.12788342
-1 -1 -1 -1 -1 1 -1
-0.03490000 0.70170000 0.32533960 -0.81870000 0.94540000 0.29198599 -0.80470000 0.53820000 -0.29854545 0.42441874 -0.06210000 0.94540000 0.28395758 0.26430239 -0.01410000 0.55910000 0.29830000 0.19736338 -0.82500000 0.36480000 -0.40291364 0.41068078 -0.03490000 0.70170000 0.31060227 0.22711730 -0.24930000 0.26490000 0.01222500 0.12786881 -0.19770000 0.08060000 -0.05455227 0.10092756
-1 -1 -1 -1 -1 1 -1
-0.18640000 0.63420000 0.27718000 -0.82500000 0.95140000 0.30412483 -0.82450000 0.86400000 -0.36961029 0.44911753 -0.14710000 0.95140000 0.32593235 0.29014080 -0.08350000 0.43180000 0.21828088 0.18191924 -0.83030000 0.36390000 -0.33543529 0.40967017 0.05530000 0.63420000 0.33452418 0.21540011 -0.16090000 0.14770000 0.01012967 0.11183681 -0.18640000 0.11810000 -0.02681319 0.08792226
-1 -1 -1 -1 -1 1 -1
-0.23390000 0.66190000 0.30129919 -0.83030000 0.87620000 0.30099564 -0.82710000 0.68170000 -0.35953971 0.43194471 -0.04060000 0.87620000 0.29983529 0.27801182 -0.04350000 0.45180000 0.25300588 0.17372742 -0.90300000 0.35510000 -0.36028971 0.44343091 -0.34320000 0.89700000 0.32927444 0.31560379 -0.23390000 0.31540000 0.00221444 0.14845516 -0.17340000 0.14850000 -0.05038667 0.09375168
-1 -1 -1 -1 -1 1 -1
-0.10340000 0.75520000 0.30105925 -0.90300000 0.78070000 0.31269474 -0.89950000 0.55950000 -0.35950571 0.47506034 0.01950000 0.78070000 0.30712857 0.25103881 0.00990000 0.54140000 0.30676571 0.18903719 -0.85870000 0.41940000 -0.41899857 0.42967619 -0.10340000 0.84070000 0.29803617 0.29831944 -0.21820000 0.22100000 0.00572340 0.11441924 -0.17640000 0.09870000 -0.03962021 0.07211359
-1 -1 -1 -1 -1 1 -1
-0.23510000 0.70780000 0.30176201 -0.85870000 0.92220000 0.28380318 -0.85550000 0.70510000 -0.23635000 0.49703565 -0.00230000 0.92220000 0.25242187 0.26075178 -0.07470000 0.45800000 0.26193750 0.17859410 -0.84080000 0.41130000 -0.29253750 0.41750585 0.07640000 0.70780000 0.35019419 0.19885473 -0.23510000 0.20700000 -0.00765581 0.12604337 -0.20610000 0.24440000 -0.01070000 0.12272303
-1 -1 -1 -1 -1 1 -1
-0.23470000 0.71110000 0.28508520 -0.84080000 0.91720000 0.30516806 -0.83920000 0.33300000 -0.41805797 0.38253245 -0.00330000 0.91720000 0.29837101 0.27431273 -0.07480000 0.54090000 0.29703623 0.20825761 -0.89320000 0.43020000 -0.42738986 0.44554837 0.00100000 0.71110000 0.30666739 0.23443727 -0.23470000 0.29360000 0.01364783 0.13038686 -0.16080000 0.11350000 -0.05369348 0.07936671
-1 -1 -1 -1 -1 1 -1
0.08320000 0.65840000 0.30082960 -0.89320000 0.95220000 0.29579802 -0.88060000 0.80190000 -0.24682985 0.51898758 -0.07470000 0.95220000 0.23810597 0.26150061 -0.04340000 0.54480000 0.32858806 0.20538337 -0.89480000 0.32100000 -0.42639851 0.43103828 0.01730000 0.65840000 0.33364270 0.22621247 -0.22710000 0.19910000 0.01343933 0.12380146 -0.19260000 0.10240000 -0.06460899 0.09096876
-1 -1 -1 -1 -1 1 -1
-0.04400000 0.74020000 0.28518076 -0.89480000 0.96070000 0.28765955 -0.88780000 0.56780000 -0.26051538 0.49913361 -0.01800000 0.96070000 0.26422462 0.26816999 -0.01490000 0.52050000 0.31232462 0.18826031 -0.93630000 0.40760000 -0.43295385 0.45401320 -0.04400000 0.74020000 0.33958140 0.26675069 -0.21180000 0.20620000 0.02896279 0.13009663 -0.16360000 0.04970000 -0.06938605 0.07287455
-1 -1 -1 -1 -1 1 -1
-0.06330000 0.75770000 0.29393959 -0.93630000 0.81590000 0.29293880 -0.92020000 0.78920000 -0.30714242 0.49106383 0.02440000 0.81590000 0.27110303 0.25424994 -0.03950000 0.42940000 0.26271818 0.14639895 -0.83050000 0.24610000 -0.45117576 0.36256274 -0.06330000 0.75770000 0.34028182 0.27973171 -0.27760000 0.14900000 -0.00818295 0.13023533 -0.16300000 0.11540000 -0.03392614 0.09505008
-1 -1 -1 -1 -1 1 -1
0.09940000 0.70410000 0.29382401 -0.83050000 0.95470000 0.29252844 -0.82630000 0.83780000 -0.22336364 0.48917374 0.01650000 0.95470000 0.29559394 0.24950672 -0.11000000 0.50950000 0.29387576 0.21215886 -0.91890000 0.42580000 -0.37963333 0.45278674 -0.02400000 0.72960000 0.34110795 0.23667198 -0.15810000 0.25600000 0.02545341 0.11863888 -0.17840000 0.06100000 -0.06415795 0.07644564
-1 -1 -1 -1 -1 1 -1
-0.21500000 0.71570000 0.30905523 -0.91890000 0.93150000 0.30354357 -0.91610000 0.28100000 -0.38114559 0.41830507 -0.08780000 0.93150000 0.27891912 0.29288654 -0.02250000 0.52150000 0.29054706 0.18352098 -0.92980000 0.40140000 -0.37653088 0.45805134 -0.02670000 0.71570000 0.32256374 0.23944126 -0.21500000 0.17590000 0.00232747 0.10890315 -0.18550000 0.04320000 -0.06401868 0.07616575
-1 -1 -1 -1 -1 1 -1
-0.22090000 0.70890000 0.29288397 -0.92980000 0.97530000 0.29712639 -0.92900000 0.66340000 -0.23901194 0.52221168 -0.05580000 0.97530000 0.27726418 0.25034494 -0.06660000 0.52680000 0.27587313 0.20187229 -0.85660000 0.28900000 -0.36918358 0.41445313 0.00070000 0.70890000 0.33528652 0.22356603 -0.17600000 0.15730000 0.02222697 0.10967633 -0.22090000 0.06650000 -0.06489101 0.08923998
-1 -1 -1 -1 -1 1 -1
-0.19240000 0.75090000 0.30127478 -0.85660000 0.90590000 0.30868683 -0.85440000 0.70030000 -0.25992174 0.50268617 -0.07520000 0.90590000 0.25019130 0.25731887 -0.08500000 0.47710000 0.28280580 0.19403604 -0.90340000 0.34480000 -0.45576667 0.42484454 -0.03380000 0.75090000 0.29913548 0.25044182 -0.19240000 0.20860000 0.01592151 0.11588695 -0.16730000 0.10030000 -0.04240968 0.07878341
-1 -1 -1 -1 -1 1 -1
-0.19680000 0.77060000 0.30917358 -0.90340000 0.90780000 0.29963398 -0.88480000 0.87210000 -0.16212537 0.49843773 -0.12220000 0.90780000 0.21677015 0.27842237 -0.09710000 0.46800000 0.27723433 0.19351720 -0.85360000 0.37520000 -0.36538657 0.41943378 -0.03460000 0.77060000 0.31864444 0.26312965 -0.19680000 0.20080000 0.02025333 0.11222015 -0.17450000 0.05840000 -0.05421667 0.08079618
-1 -1 -1 -1 -1 1 -1
-0.20850000 0.72780000 0.30865927 -0.85360000 0.91820000 0.30538120 -0.85240000 0.73940000 -0.25470290 0.50660649 -0.13750000 0.91820000 0.23466377 0.28428867 -0.06050000 0.47600000 0.25927536 0.19302079 -0.79590000 0.35760000 -0.36046667 0.39372363 -0.20850000 0.72780000 0.28028913 0.28717232 -0.17700000 0.19310000 0.01024891 0.09942673 -0.14190000 0.07670000 -0.02562391 0.07605624
-1 -1 -1 -1 -1 1 -1
-0.46360000 0.61600000 0.32550879 -0.79590000 0.94180000 0.32885799 -0.79140000 0.57730000 -0.21756757 0.45435331 -0.07330000 0.94180000 0.22571892 0.24901067 -0.06360000 0.42440000 0.23714730 0.17266263 -0.81260000 0.11540000 -0.50446351 0.30792161 -0.46360000 0.87780000 0.26653636 0.32505411 -0.12050000 0.14790000 0.02878081 0.08869135 -0.09410000 0.08070000 -0.00792828 0.05714777
-1 -1 -1 -1 -1 1 -1
-0.41230000 0.78260000 0.27672482 -0.76830000 0.78900000 0.25101795 -0.76030000 0.78900000 -0.12579825 0.39928602 -0.16690000 0.78900000 0.16281053 0.22118834 -0.12300000 0.83450000 0.39578947 0.31064808 -0.99990000 0.48260000 -0.34978421 0.53736852 0.04360000 0.78260000 0.35584737 0.24035610 -0.41230000 0.45230000 0.02906974 0.21929013 -0.38920000 0.18270000 -0.10951579 0.18174861
-1 -1 -1 -1 -1 -1 1
-0.36190000 0.96040000 0.26969156 -0.99990000 0.94580000 0.27100000 -0.98660000 0.20600000 -0.62896557 0.37807549 -0.00290000 0.94580000 0.34005574 0.21679305 -0.06930000 0.76130000 0.36472951 0.26510575 -1.00000000 0.54370000 -0.24730984 0.59245127 -0.00030000 0.96040000 0.33416049 0.31118513 -0.36190000 0.53480000 0.09382099 0.24072149 -0.40140000 0.05840000 -0.16199383 0.15219979
-1 -1 -1 -1 -1 -1 1
-0.36060000 0.90790000 0.27001038 -1.00000000 0.88510000 0.28858166 -0.99980000 0.30040000 -0.55285846 0.46688901 -0.02400000 0.88510000 0.34506923 0.27545062 0.02520000 0.66110000 0.43680308 0.20344217 -1.00000000 0.43920000 -0.62291231 0.50022424 -0.09450000 0.90790000 0.35633678 0.29912277 -0.24280000 0.46700000 0.02299195 0.19586581 -0.36060000 0.22060000 -0.15895747 0.14830726
-1 -1 -1 -1 -1 -1 1
-0.34770000 0.98270000 0.26160765 -1.00000000 0.99000000 0.25946560 -0.99990000 0.78620000 -0.27607414 0.52347043 -0.03630000 0.99000000 0.32363276 0.33764779 0.04580000 0.61740000 0.43707586 0.15377862 -1.00000000 0.32660000 -0.54652241 0.48155561 -0.05330000 0.98270000 0.47628333 0.32357606 -0.34030000 0.53440000 -0.00467051 0.23201045 -0.34770000 0.03850000 -0.13680641 0.13959769
-1 -1 -1 -1 -1 -1 1
-0.42860000 0.99710000 0.26864834 -1.00000000 0.92540000 0.26307316 -0.99760000 0.92540000 -0.30913729 0.62755512 -0.01420000 0.98840000 0.28074746 0.30343767 0.15540000 0.49450000 0.41774746 0.10243128 -1.00000000 0.41550000 -0.49907288 0.50793984 -0.13350000 0.99710000 0.43617975 0.38690400 -0.42860000 0.33670000 0.00323924 0.20736208 -0.29750000 0.13470000 -0.12158608 0.15245565
-1 -1 -1 -1 -1 -1 1
-0.31270000 0.90200000 0.27738762 -1.00000000 0.96910000 0.27617083 -0.99660000 0.33210000 -0.46024194 0.50588521 -0.30180000 0.96910000 0.33229194 0.38429296 0.09020000 0.50520000 0.39967097 0.11421414 -1.00000000 0.39280000 -0.44132258 0.53580756 -0.06340000 0.90200000 0.42300241 0.22848301 -0.31270000 0.59530000 -0.02178916 0.23598199 -0.27800000 0.12080000 -0.10416145 0.15694365
-1 -1 -1 -1 -1 -1 1
-0.06300000 0.86180000 0.26968966 -1.00000000 0.98180000 0.25872755 -0.99900000 0.24890000 -0.46231207 0.44874935 0.02630000 0.98180000 0.36615345 0.31711938 0.06190000 0.58530000 0.33672241 0.18120117 -0.99990000 0.46610000 -0.16191379 0.55125973 -0.06300000 0.86180000 0.41937051 0.28868810 -0.37600000 0.30750000 0.03218205 0.19107163 -0.33900000 0.05800000 -0.13505128 0.12922385
-1 -1 -1 -1 -1 -1 1
0.03450000 0.89870000 0.27745676 -0.99990000 0.98210000 0.28845682 -0.99550000 0.28420000 -0.61040769 0.44576910 0.00180000 0.98210000 0.34371692 0.30960144 -0.01330000 0.59820000 0.39965846 0.20684151 -1.00000000 0.54770000 -0.39898615 0.59247197 -0.00260000 0.98130000 0.37919655 0.34936180 -0.31090000 0.20230000 0.02540000 0.14860427 -0.27500000 0.10630000 -0.13602874 0.10732000
-1 -1 -1 -1 -1 -1 1
-0.05620000 0.88670000 0.26982317 -1.00000000 0.87600000 0.26345406 -0.99000000 0.25590000 -0.47798305 0.46468561 0.01490000 0.87600000 0.36105254 0.25905600 -0.03970000 0.71520000 0.38677288 0.26312639 -1.00000000 0.48090000 -0.28980000 0.55892091 -0.05620000 0.99980000 0.41187595 0.35152720 -0.33090000 0.32240000 0.01724177 0.17524021 -0.30400000 0.06070000 -0.12924937 0.11649330
-1 -1 -1 -1 -1 -1 1
-0.30840000 0.88640000 0.27725725 -1.00000000 0.98220000 0.28805161 -0.99660000 0.23200000 -0.56934154 0.44866723 0.03360000 0.98220000 0.35935077 0.31177118 -0.05260000 0.70910000 0.37017077 0.25959676 -1.00000000 0.42500000 -0.49191077 0.52626123 -0.00510000 0.92770000 0.35746047 0.32529208 -0.30840000 0.26650000 0.03108837 0.15173694 -0.30840000 0.07750000 -0.11495349 0.11953446
-1 -1 -1 -1 -1 -1 1
-0.15850000 0.91580000 0.28528795 -1.00000000 0.98560000 0.25851393 -0.99080000 0.30730000 -0.45109655 0.47660353 -0.13970000 0.98560000 0.37118448 0.37583068 -0.07000000 0.73060000 0.35560000 0.27033907 -0.99620000 0.50610000 -0.10662069 0.51851680 -0.15850000 0.91580000 0.37306667 0.31963658 -0.32500000 0.80810000 0.04983462 0.25484729 -0.28060000 0.16070000 -0.09806667 0.15676882
-1 -1 -1 -1 -1 -1 1
-0.39880000 0.74790000 0.26184206 -0.99620000 0.72370000 0.29313202 -0.99480000 0.11030000 -0.64486212 0.32394056 0.01380000 0.72370000 0.29346818 0.23543242 0.07350000 0.68580000 0.44970758 0.20764081 -1.00000000 0.45880000 -0.46857727 0.54736488 -0.15560000 0.98870000 0.32489545 0.31903601 -0.26590000 0.27130000 0.01959318 0.13511022 -0.39880000 0.06230000 -0.15458295 0.15286887
-1 -1 -1 -1 -1 -1 1
-0.38360000 0.98280000 0.26929598 -1.00000000 0.82390000 0.25525723 -0.99480000 0.79380000 -0.38877193 0.54306292 -0.00560000 0.99630000 0.36812807 0.33871089 -0.01080000 0.69260000 0.38712456 0.23628185 -1.00000000 0.46000000 -0.33568246 0.53423794 0.03850000 0.98280000 0.46094545 0.29608724 -0.38360000 0.26760000 0.01890649 0.18439648 -0.35510000 0.14790000 -0.15562208 0.13380285
-1 -1 -1 -1 -1 -1 1
-0.33920000 0.88270000 0.26944561 -1.00000000 0.99070000 0.27138195 -0.99980000 0.40070000 -0.53976721 0.49134820 0.02270000 0.99070000 0.33514754 0.33081701 -0.04130000 0.70570000 0.40829344 0.25751326 -1.00000000 0.54290000 -0.31014262 0.56938260 -0.21720000 0.88270000 0.37229268 0.33268777 -0.33920000 0.35590000 0.05152317 0.21193350 -0.33800000 0.03460000 -0.15823780 0.11096203
-1 -1 -1 -1 -1 -1 1
-0.31380000 0.90520000 0.28583517 -1.00000000 0.93950000 0.27911119 -0.99670000 0.17580000 -0.61463175 0.41364361 -0.04270000 0.93950000 0.38177460 0.33771728 -0.00380000 0.56540000 0.30644444 0.20582071 -0.99580000 0.47610000 -0.23737937 0.54636987 -0.12330000 0.90520000 0.35378214 0.32042445 -0.31380000 0.49860000 0.06900238 0.19427565 -0.30840000 0.12680000 -0.10639881 0.12995883
-1 -1 -1 -1 -1 -1 1
-0.29890000 0.98600000 0.27746239 -0.99580000 0.82880000 0.28498487 -0.99080000 0.23280000 -0.58640469 0.43143852 -0.29190000 0.99420000 0.27335625 0.38898658 -0.01410000 0.64970000 0.40667969 0.21318140 -1.00000000 0.50660000 -0.37485781 0.52832136 -0.01550000 0.98600000 0.36980233 0.29985739 -0.29640000 0.29460000 0.00363953 0.15303547 -0.29890000 0.14450000 -0.10413023 0.12373723
-1 -1 -1 -1 -1 -1 1
-0.29290000 0.82360000 0.28509760 -1.00000000 0.90620000 0.27516394 -0.99650000 0.21840000 -0.45910161 0.44148027 -0.09270000 0.90620000 0.32140806 0.33805613 0.00340000 0.69410000 0.38571935 0.26596591 -1.00000000 0.55290000 -0.31853548 0.56617697 -0.05610000 0.82360000 0.37973614 0.30541697 -0.24410000 0.28970000 0.05003976 0.14615881 -0.29290000 0.03440000 -0.12208795 0.11793355
-1 -1 -1 -1 -1 -1 1
-0.28580000 0.85130000 0.27714243 -1.00000000 0.88530000 0.28766842 -0.99990000 0.28440000 -0.54425385 0.45888226 -0.18390000 0.88530000 0.32137231 0.31063908 0.00120000 0.53640000 0.31265846 0.18827327 -1.00000000 0.43900000 -0.32874923 0.54264729 -0.08560000 0.99930000 0.37770349 0.35917583 -0.28580000 0.26210000 0.04212093 0.16190091 -0.23310000 0.05850000 -0.10468605 0.10746206
-1 -1 -1 -1 -1 -1 1
-0.29160000 0.75510000 0.30968285 -1.00000000 0.98940000 0.29729042 -0.99700000 0.16050000 -0.51408358 0.43301812 -0.18510000 0.98940000 0.37948955 0.33876952 -0.04300000 0.52230000 0.20435672 0.20461534 -0.98630000 0.37980000 -0.36829701 0.49808253 -0.06560000 0.75510000 0.34312444 0.28092899 -0.16930000 0.26680000 0.02886556 0.12822925 -0.29160000 0.26680000 -0.06049556 0.13512485
-1 -1 -1 -1 -1 -1 1
-0.05440000 0.95100000 0.26987877 -1.00000000 0.86810000 0.28429279 -0.99650000 0.77980000 -0.52475625 0.50648611 -0.13660000 0.99610000 0.32856875 0.34124668 -0.03730000 0.79380000 0.49368281 0.26452167 -1.00000000 0.49410000 -0.56582813 0.53334368 -0.19480000 0.95100000 0.35877882 0.35758782 -0.33810000 0.37570000 0.03492588 0.19894827 -0.33180000 0.06790000 -0.17417059 0.12615073
-1 -1 -1 -1 -1 -1 1
-0.33510000 0.88620000 0.27640524 -1.00000000 0.94340000 0.28430433 -0.99820000 0.94340000 -0.29250313 0.61684543 -0.12970000 0.99660000 0.26812656 0.34472059 -0.04680000 0.83850000 0.46188281 0.22735658 -1.00000000 0.25590000 -0.75969219 0.36445714 -0.28040000 0.88620000 0.35535529 0.37911714 -0.32100000 0.35280000 0.02831412 0.20403248 -0.40370000 0.12810000 -0.13157412 0.17163774
-1 -1 -1 -1 -1 -1 1
-0.34380000 0.82690000 0.30929203 -1.00000000 0.97270000 0.24669847 -0.99050000 0.84130000 -0.17124286 0.51769637 -0.42860000 0.97270000 0.33821964 0.41057510 0.00510000 0.81910000 0.42386607 0.27448167 -1.00000000 0.46950000 -0.33495357 0.54047572 -0.07650000 0.82690000 0.40884324 0.32025255 -0.34450000 0.22230000 0.02208514 0.18355387 -0.38530000 0.12390000 -0.14729865 0.16036472
-1 -1 -1 -1 -1 -1 1
-0.37180000 0.88290000 0.24610996 -1.00000000 0.95880000 0.28426199 -0.99930000 0.23860000 -0.61207500 0.45812432 0.04220000 0.95880000 0.34827031 0.28812007 -0.03410000 0.61530000 0.39956406 0.21558485 -1.00000000 0.51450000 -0.29398906 0.59279082 -0.16430000 0.88290000 0.38503882 0.31474950 -0.33510000 0.38710000 0.04048588 0.20337849 -0.29020000 0.08350000 -0.14882235 0.11407889
-1 -1 -1 -1 -1 -1 1
-0.24900000 0.99980000 0.26906757 -1.00000000 0.97630000 0.27103834 -0.99980000 0.20170000 -0.58650820 0.41533514 -0.11370000 0.98460000 0.31162131 0.33802269 0.03390000 0.63290000 0.36454754 0.21977137 -1.00000000 0.52860000 -0.26524918 0.54353779 -0.16960000 0.99980000 0.34640988 0.38495242 -0.32870000 0.29090000 0.01830370 0.17723231 -0.34380000 0.15180000 -0.11201852 0.13735570
-1 -1 -1 -1 -1 -1 1
-0.99570000 0.86410000 0.28441925 -1.00000000 0.97420000 0.28447924 -0.99400000 0.30360000 -0.56125469 0.43221527 -0.13340000 0.97420000 0.32472969 0.30173913 0.02810000 0.65730000 0.39279844 0.21251258 -1.00000000 0.49230000 -0.29748125 0.57750312 -0.14060000 0.94410000 0.35089186 0.36810836 -0.31590000 0.32500000 0.01625465 0.16027999 -0.29900000 0.05340000 -0.15053721 0.12114998
-1 -1 -1 -1 -1 -1 1
-0.99570000 0.94220000 0.28582401 -1.00000000 0.94050000 0.28375397 -0.99770000 0.17010000 -0.52549206 0.43088477 -0.09740000 0.96140000 0.29999048 0.34314929 -0.02130000 0.64300000 0.40668730 0.23103128 -1.00000000 0.50130000 -0.30150000 0.54727251 -0.19070000 0.94220000 0.39749059 0.31619637 -0.37180000 0.29990000 0.01588471 0.17518607 -0.27430000 0.06200000 -0.13050824 0.09651622
-1 -1 -1 -1 -1 -1 1
-0.99570000 0.83680000 0.29295235 -1.00000000 0.98500000 0.31718521 -0.99870000 0.98500000 -0.50744085 0.53256252 0.04380000 0.98500000 0.32045352 0.27739805 -0.01900000 0.40570000 0.25774648 0.14420404 -1.00000000 0.26220000 -0.58301408 0.45939875 -0.13880000 0.83680000 0.32928526 0.26419214 -0.18450000 0.20050000 0.04037895 0.12272378 -0.24900000 0.14870000 -0.06793895 0.11084101
-1 -1 -1 -1 -1 -1 1