16 34 7
-0.31290000 0.29790000 0.95160437 -0.34530000 0.57390000 0.49840202 -0.34350000 0.35002500 -0.00801362 0.21608413 -0.01200000 0.12780000 0.01324219 0.03068395 0.01665000 0.57390000 0.15536585 0.16837877 -0.48720000 0.57390000 -0.13016183 0.34110408 -0.31290000 0.13770000 0.01662850 0.08994297 -0.06465000 -0.00157500 -0.01186650 0.01298307 -0.11002500 0.03667500 -0.02952450 0.03804849
-1 -1 1 -1 -1 -1 -1
-0.46312500 0.38227500 0.46680279 -0.48720000 0.54405000 0.45206041 -0.48675000 0.54405000 -0.08163750 0.34383686 0.00037500 0.20092500 0.02020441 0.03606722 0.00915000 0.41220000 0.10348015 0.10822064 -0.49530000 0.61237500 0.00539779 0.39232955 -0.46312500 0.32002500 0.06675110 0.16177256 -0.06540000 0.00667500 -0.00956691 0.01285080 -0.14400000 0.09697500 -0.02484485 0.05400056
-1 -1 1 -1 -1 -1 -1
-0.64342500 0.28867500 0.46862841 -0.49530000 0.61237500 0.50267525 -0.49335000 0.49110000 -0.18848296 0.32654625 -0.00090000 0.26917500 0.04882102 0.07599869 0.01335000 0.61560000 0.13925442 0.16000436 -0.49380000 0.61560000 -0.12409181 0.36045150 -0.64342500 0.24892500 0.03764354 0.18349123 -0.06465000 0.00465000 -0.00824305 0.01320217 -0.11385000 0.07275000 -0.02559338 0.04052015
-1 -1 1 -1 -1 -1 -1
-0.57082500 0.27862500 0.48288565 -0.49380000 0.61560000 0.49334679 -0.49245000 0.50512500 -0.07019730 0.32535857 0.00652500 0.10275000 0.02360473 0.01863881 0.02272500 0.61837500 0.23753716 0.20220223 -0.49252500 0.42255000 -0.30199189 0.20983304 -0.57082500 0.38227500 0.04104983 0.18224703 -0.09322500 0.00502500 -0.01268666 0.02009525 -0.19042500 0.17190000 -0.01641132 0.07592444
-1 -1 1 -1 -1 -1 -1
-0.27937500 0.37395000 0.45985794 -0.49252500 0.61837500 0.46986437 -0.48855000 0.49770000 0.02612689 0.28523955 -0.00187500 0.03262500 0.00988868 0.00831396 0.02332500 0.57945000 0.24807311 0.19434928 -0.50670000 0.41107500 -0.30373302 0.22152552 -0.27937500 0.28867500 0.06038670 0.12545188 -0.08805000 0.00495000 -0.01512500 0.02214701 -0.09802500 0.11347500 -0.01741543 0.05388554
-1 -1 1 -1 -1 -1 -1
-0.15502500 0.36262500 0.47542448 -0.50670000 0.57945000 0.46401043 -0.50640000 0.49057500 -0.00150361 0.31226440 0.00472500 0.03885000 0.01261298 0.00684825 0.01590000 0.63757500 0.22265120 0.21498169 -0.49455000 0.49350000 -0.23675553 0.29487748 -0.15502500 0.27862500 0.06252086 0.10799594 -0.08437500 0.00397500 -0.01240953 0.02235565 -0.14160000 0.05617500 -0.03426475 0.04267644
-1 -1 1 -1 -1 -1 -1
-0.39735000 0.32662500 0.94311552 -0.49455000 0.63757500 0.46975479 -0.49042500 0.48382500 -0.02578939 0.31857172 0.00637500 0.06382500 0.01682618 0.00980560 0.01732500 0.61762500 0.23706085 0.20495727 -0.51600000 0.43875000 -0.28991108 0.26180156 -0.39735000 0.37395000 0.06662074 0.15859304 -0.06082500 0.00172500 -0.01272287 0.01784674 -0.10582500 0.05730000 -0.02617287 0.03829655
-1 -1 1 -1 -1 -1 -1
-0.31042500 0.33555000 0.47544966 -0.51600000 0.61762500 0.46978922 -0.51577500 0.48172500 -0.01598561 0.30920033 -0.01777500 0.03495000 0.01373844 0.01822077 0.02947500 0.63307500 0.24834481 0.20814984 -0.50550000 0.45135000 -0.28567783 0.25572212 -0.31042500 0.36262500 0.05941489 0.13883111 -0.08977500 -0.00232500 -0.01763830 0.01720367 -0.16057500 0.03885000 -0.03335957 0.04163252
-1 -1 1 -1 -1 -1 -1
-0.54615000 0.32452500 0.50730362 -0.50550000 0.63307500 0.43191795 -0.50467500 0.57405000 -0.00964948 0.32962394 0.00465000 0.07815000 0.02097216 0.01824484 0.01282500 0.51487500 0.13644356 0.13994432 -0.48660000 0.58350000 -0.01923711 0.39167272 -0.54615000 0.43027500 0.07930038 0.19720283 -0.02992500 0.00967500 -0.00368365 0.00985759 -0.12000000 0.09772500 -0.02143615 0.05488983
-1 -1 1 -1 -1 -1 -1
-0.29347500 0.35850000 0.92742796 -0.48660000 0.57405000 0.49793797 -0.48517500 0.54375000 -0.18916339 0.33832181 0.00682500 0.25185000 0.05147076 0.07514313 0.01815000 0.61515000 0.14390156 0.15707842 -0.49462500 0.62010000 -0.11804464 0.39187265 -0.29347500 0.25057500 0.04801250 0.11351746 -0.02662500 -0.00022500 -0.00759900 0.00682466 -0.12457500 0.03952500 -0.02945150 0.03645051
-1 -1 1 -1 -1 -1 -1
-0.58545000 0.25425000 0.47526484 -0.49462500 0.58350000 0.49010649 -0.49380000 0.51187500 -0.07657705 0.32047650 -0.00472500 0.10485000 0.01418250 0.02075737 0.02827500 0.64477500 0.21712500 0.21151989 -0.49402500 0.49027500 -0.25576432 0.30112217 -0.58545000 0.33555000 0.05336837 0.18070931 -0.07552500 0.00127500 -0.01245969 0.01794243 -0.14160000 0.05040000 -0.02913469 0.04271482
-1 -1 1 -1 -1 -1 -1
-0.43942500 0.31155000 0.93500481 -0.49635000 0.54375000 0.45610514 -0.49357500 0.49207500 -0.00744102 0.29575227 0.00067500 0.06817500 0.01719029 0.01440441 0.01837500 0.68370000 0.22006602 0.21699310 -0.50385000 0.59272500 -0.20944733 0.32586334 -0.43942500 0.32452500 0.05610493 0.16387187 -0.06607500 -0.00045000 -0.01276752 0.01536627 -0.13237500 0.13312500 -0.02607810 0.06128574
-1 -1 1 -1 -1 -1 -1
-0.61605000 0.33082500 0.47514353 -0.50385000 0.62010000 0.47404003 -0.50212500 0.49552500 -0.08382126 0.33623098 -0.00075000 0.22192500 0.02760421 0.04721694 0.01275000 0.59595000 0.14533107 0.16044543 -0.50362500 0.59595000 -0.11347991 0.36680589 -0.61605000 0.35850000 0.06558011 0.18466548 -0.03735000 0.00630000 -0.00561866 0.00843593 -0.10260000 0.02250000 -0.03220352 0.03420575
-1 -1 1 -1 -1 -1 -1
-0.40410000 0.34657500 0.46720648 -0.50362500 0.51187500 0.51428595 -0.49965000 0.50677500 -0.10135991 0.33256294 0.00915000 0.20175000 0.03535474 0.04648277 0.01642500 0.58215000 0.22993642 0.19697430 -0.48375000 0.45120000 -0.32004052 0.22511021 -0.40410000 0.30075000 0.04581677 0.14832270 -0.07815000 0.00525000 -0.01250710 0.01875278 -0.10267500 0.11917500 -0.00699823 0.05452700
-1 -1 1 -1 -1 -1 -1
-0.48052500 0.31995000 0.46777916 -0.48375000 0.64477500 0.45202322 -0.47400000 0.50145000 0.04510147 0.27114921 -0.00307500 0.04290000 0.01151250 0.00843113 0.01912500 0.61567500 0.20050294 0.19591930 -0.49972500 0.55177500 -0.18351324 0.31741832 -0.48052500 0.25425000 0.03848272 0.15878647 -0.07275000 0.00172500 -0.01215000 0.01714759 -0.11632500 0.09375000 -0.02826121 0.05244965
-1 -1 1 -1 -1 -1 -1
-0.52155000 0.33630000 0.46774759 -0.49972500 0.68370000 0.46527481 -0.49500000 0.55695000 -0.10052429 0.34682120 -0.00337500 0.19012500 0.02945857 0.05133008 0.00780000 0.62775000 0.15083500 0.16690494 -0.56752500 0.65962500 -0.10918429 0.39800117 -0.52155000 0.34147500 0.05434339 0.17950318 -0.07275000 0.00075000 -0.01038000 0.01461770 -0.13402500 0.04162500 -0.03555107 0.03769630
-1 -1 1 -1 -1 -1 -1