21 34 7
-0.16920000 0.14790000 0.58735886 -0.25972500 0.41362500 0.60930042 -0.25897500 0.25665000 -0.00661588 0.16424956 -0.00157500 0.04860000 0.00781588 0.01163721 0.00210000 0.34845000 0.07759708 0.09240532 -0.36832500 0.41362500 -0.08440566 0.29622715 -0.16920000 0.06757500 0.00022336 0.04207513 -0.01920000 0.00015000 -0.00444508 0.00351248 -0.04665000 0.05895000 -0.00463975 0.02537577
-1 1 -1 -1 -1 -1 -1
-0.22590000 0.13785000 0.57029400 -0.36832500 0.47820000 0.54755602 -0.36705000 0.32647500 -0.05061463 0.23228847 0.00022500 0.11115000 0.01917134 0.02769648 0.00547500 0.20737500 0.05021280 0.05427772 -0.37950000 0.47820000 0.02715000 0.31426780 -0.22590000 0.14790000 0.02762561 0.07507572 -0.01207500 -0.00150000 -0.00616875 0.00304976 -0.08280000 0.08032500 -0.01067835 0.03358234
-1 1 -1 -1 -1 -1 -1
-0.23160000 0.14160000 0.57102518 -0.37950000 0.50167500 0.59218082 -0.37837500 0.32662500 -0.15020132 0.23227126 -0.01095000 0.22867500 0.03745489 0.06887679 -0.00135000 0.19620000 0.04226053 0.04929101 -0.37905000 0.50167500 0.00477688 0.32782174 -0.23160000 0.13785000 0.02691910 0.06845082 -0.01260000 -0.00007500 -0.00694003 0.00276631 -0.09757500 0.06997500 -0.01270576 0.03674007
-1 1 -1 -1 -1 -1 -1
-0.19035000 0.13500000 0.56186476 -0.37905000 0.44790000 0.53893318 -0.37890000 0.34702500 -0.11445372 0.24597453 0.00082500 0.20632500 0.03292934 0.05131222 0.00360000 0.14332500 0.04059174 0.03960165 -0.38055000 0.44790000 0.06180558 0.29681990 -0.19035000 0.14160000 0.03445602 0.07020852 -0.01177500 0.00495000 -0.00582870 0.00392350 -0.05692500 0.10110000 -0.01064259 0.03423897
-1 1 -1 -1 -1 -1 -1
-0.24202500 0.13725000 0.56335001 -0.38055000 0.49500000 0.59293842 -0.37620000 0.32115000 -0.17470522 0.22208606 -0.00187500 0.29497500 0.04967687 0.07703773 0.00517500 0.21052500 0.04805597 0.05595244 -0.37215000 0.49500000 -0.01458974 0.32799347 -0.24202500 0.13500000 0.02845576 0.07281318 -0.01087500 0.00165000 -0.00437697 0.00374191 -0.09270000 0.08482500 -0.01249213 0.03419402
-1 1 -1 -1 -1 -1 -1
-0.15937500 0.15405000 0.57081680 -0.37215000 0.48780000 0.58005238 -0.37162500 0.34560000 -0.09243779 0.25274898 -0.00592500 0.16657500 0.01902939 0.04092644 0.00735000 0.48780000 0.11180038 0.13026667 -0.36562500 0.48780000 -0.12814237 0.28233325 -0.15937500 0.13725000 0.03163879 0.07170868 -0.03922500 0.00232500 -0.00610129 0.00741061 -0.07807500 0.08175000 -0.00256767 0.03876178
-1 1 -1 -1 -1 -1 -1
-0.24682500 0.13545000 0.55430756 -0.36562500 0.45892500 0.53133354 -0.36517500 0.31357500 -0.04054916 0.24259244 0.00060000 0.05295000 0.00967563 0.01321071 0.00525000 0.21307500 0.05465735 0.05278495 -0.35347500 0.45892500 0.04257794 0.30033230 -0.24682500 0.15405000 0.02916226 0.07751282 -0.02152500 0.00037500 -0.00621792 0.00397363 -0.06195000 0.10155000 -0.00723632 0.03358079
-1 1 -1 -1 -1 -1 -1
-0.12457500 0.10725000 0.58665085 -0.35347500 0.46530000 0.57620487 -0.35235000 0.33960000 -0.17348596 0.21630492 -0.00285000 0.26272500 0.05292346 0.07888793 0.00405000 0.20227500 0.04464288 0.05028480 -0.40980000 0.46530000 0.00978058 0.31475856 -0.12457500 0.13545000 0.03228555 0.06269785 -0.00937500 0.00337500 -0.00466387 0.00310029 -0.07102500 0.08467500 -0.00898699 0.03499012
-1 1 -1 -1 -1 -1 -1
-0.18975000 0.11512500 0.57838278 -0.40980000 0.48382500 0.56854000 -0.40575000 0.32767500 -0.13988438 0.23526604 0.00307500 0.25575000 0.04553555 0.06767074 0.00675000 0.15240000 0.03565723 0.03924956 -0.41332500 0.48382500 0.02966484 0.32556922 -0.18975000 0.10725000 0.02833114 0.06055293 -0.01132500 0.00330000 -0.00250526 0.00357839 -0.07942500 0.07845000 -0.00781798 0.03222365
-1 1 -1 -1 -1 -1 -1
-0.13725000 0.14047500 0.55438242 -0.41332500 0.50820000 0.62056837 -0.40912500 0.28095000 -0.14540935 0.22924034 -0.00847500 0.21232500 0.03898867 0.06083782 0.00982500 0.36397500 0.07149712 0.08613029 -0.39090000 0.50820000 -0.09057032 0.33315267 -0.13725000 0.11512500 0.02011774 0.06274613 -0.01297500 0.00487500 -0.00574597 0.00464956 -0.09000000 0.09067500 -0.01221815 0.04068047
-1 1 -1 -1 -1 -1 -1
-0.25965000 0.12600000 0.53951998 -0.39090000 0.49657500 0.52779360 -0.38572500 0.38055000 -0.01982584 0.24570183 -0.00435000 0.08445000 0.01281113 0.01886590 0.01477500 0.41107500 0.08853529 0.09592985 -0.38175000 0.49657500 -0.04755819 0.33000465 -0.25965000 0.14047500 0.02747041 0.08083749 -0.03397500 0.00442500 -0.00417816 0.00722574 -0.07102500 0.06210000 -0.00756313 0.03485544
-1 1 -1 -1 -1 -1 -1
-0.28867500 0.14302500 0.57813444 -0.38175000 0.48435000 0.55534000 -0.38070000 0.31545000 -0.11458320 0.24299097 0.00247500 0.18157500 0.02775780 0.04521305 0.00772500 0.23227500 0.05175000 0.05647134 -0.41010000 0.48435000 0.00502560 0.32810083 -0.28867500 0.12600000 0.03171961 0.08084048 -0.01132500 -0.00030000 -0.00625015 0.00361310 -0.08362500 0.06802500 -0.01626512 0.03172303
-1 1 -1 -1 -1 -1 -1
-0.15225000 0.15382500 1.00000000 -0.41010000 0.53190000 0.55102758 -0.40305000 0.30060000 -0.13766734 0.22076004 0.00202500 0.21337500 0.04434012 0.05754959 0.00810000 0.20197500 0.04660222 0.05196729 -0.42870000 0.53190000 0.02192722 0.33856623 -0.15225000 0.14302500 0.03392409 0.07853939 -0.01050000 0.00270000 -0.00372455 0.00358414 -0.11385000 0.10845000 -0.01377545 0.04227275
-1 1 -1 -1 -1 -1 -1
-0.18525000 0.13837500 0.56263914 -0.42870000 0.47760000 0.55153923 -0.42202500 0.36660000 -0.14683306 0.25462234 -0.00120000 0.23077500 0.03615847 0.05875483 0.01245000 0.18375000 0.04566351 0.04553924 -0.38017500 0.47760000 0.02132782 0.31629206 -0.18525000 0.15382500 0.03883364 0.07755836 -0.01140000 0.00315000 -0.00342773 0.00424837 -0.07777500 0.06922500 -0.00951273 0.03090444
-1 1 -1 -1 -1 -1 -1
-0.21682500 0.14557500 0.57084484 -0.38017500 0.47745000 0.55657234 -0.37747500 0.27232500 -0.16776964 0.19491521 0.00322500 0.27390000 0.05625893 0.07805751 0.00352500 0.11767500 0.02140893 0.02222898 -0.35947500 0.47745000 0.08887321 0.28859412 -0.21682500 0.11820000 0.03148661 0.06934160 -0.01147500 -0.00232500 -0.00621205 0.00260162 -0.08617500 0.07777500 -0.01268973 0.03486338
-1 1 -1 -1 -1 -1 -1
-0.19155000 0.13860000 0.54675560 -0.35947500 0.42690000 0.62921600 -0.35940000 0.34890000 -0.17164309 0.21943094 0.00022500 0.28762500 0.04151809 0.06757979 0.00885000 0.42690000 0.11612766 0.12958279 -0.38812500 0.41392500 -0.16286915 0.26875158 -0.19155000 0.13837500 0.03388245 0.06639206 -0.01440000 0.00750000 -0.00267008 0.00462176 -0.05272500 0.06210000 0.00144335 0.02752154
-1 1 -1 -1 -1 -1 -1
-0.34920000 0.13027500 1.00000000 -0.38812500 0.47640000 0.52241001 -0.38587500 0.37575000 0.00735064 0.22978760 -0.00142500 0.02310000 0.00590449 0.00404140 0.00825000 0.34207500 0.08194487 0.08791230 -0.37132500 0.47640000 -0.03199936 0.32484990 -0.34920000 0.16462500 0.02926624 0.10448490 -0.02595000 0.00150000 -0.00408583 0.00537235 -0.07462500 0.06810000 -0.00668694 0.03466384
-1 1 -1 -1 -1 -1 -1
-0.07462500 0.11977500 0.53083038 -0.37132500 0.44805000 0.55191364 -0.36525000 0.29895000 -0.11899778 0.23009591 -0.00502500 0.19995000 0.03173831 0.05271860 0.00277500 0.15690000 0.04198730 0.04319582 -0.37545000 0.44805000 0.04024536 0.30304778 -0.12952500 0.13860000 0.03701024 0.06517004 -0.00982500 0.00495000 -0.00487861 0.00271897 -0.05917500 0.09547500 -0.00891190 0.03465450
-1 1 -1 -1 -1 -1 -1
-0.12952500 0.14452500 1.00000000 -0.37545000 0.45967500 0.59715080 -0.37537500 0.34530000 -0.12999722 0.25437605 -0.00187500 0.16815000 0.02552889 0.04178317 0.01200000 0.45967500 0.10733000 0.12809754 -0.37882500 0.44347500 -0.14617556 0.27789121 -0.15172500 0.13027500 0.02967958 0.06306901 -0.01027500 0.00090000 -0.00473500 0.00335887 -0.06667500 0.07972500 -0.00739708 0.03293826
-1 1 -1 -1 -1 -1 -1
-0.15172500 0.15660000 0.55473204 -0.37882500 0.46065000 0.51404963 -0.37777500 0.36517500 -0.01190043 0.23403626 0.00015000 0.10575000 0.01371789 0.01919457 0.01342500 0.32827500 0.08107306 0.08381915 -0.37935000 0.46065000 -0.01641336 0.31722676 -0.18420000 0.11452500 0.03033360 0.07290597 -0.02625000 0.00487500 -0.00505909 0.00581660 -0.05970000 0.07657500 -0.00485260 0.03617636
-1 1 -1 -1 -1 -1 -1
-0.18420000 0.15502500 0.56280794 -0.37935000 0.47220000 0.58022833 -0.37747500 0.32497500 -0.10904019 0.24085520 -0.00487500 0.12735000 0.01430538 0.02773186 0.01012500 0.47220000 0.11377038 0.12982899 -0.42405000 0.47137500 -0.14009135 0.30607140 -0.17775000 0.11977500 0.03283743 0.06483462 -0.03487500 -0.00015000 -0.00770376 0.00629869 -0.06675000 0.05512500 -0.01382124 0.03021292
-1 1 -1 -1 -1 -1 -1