24 22 4
-0.30430000 0.12140000 1.00000000 -0.37800000 0.43910000 0.71223001 -0.37780000  0.34970000 -0.02803687  0.22605722 -0.00820000  0.08070000  0.01304687  0.02012579 -0.00230000  0.46150000  0.08454750  0.11432467 -0.42090000  0.48440000 -0.09903813  0.30991328
1 -1 -1 -1
-0.17680000 0.08700000 0.73611755 -0.42870000 0.48440000 0.66165199 -0.42660000  0.33160000 -0.06511141  0.25850180 -0.01490000  0.14360000  0.02040403  0.03921842  0.00610000  0.11060000  0.02252617  0.02391655 -0.39150000  0.49620000  0.08005369  0.30205580
1 -1 -1 -1
-0.23890000 0.09560000 0.90410004 -0.39150000 0.49620000 0.75327120 -0.38780000  0.03660000 -0.22435799  0.15798714 -0.00440000  0.33960000  0.08685621  0.09960295 -0.01140000  0.07400000  0.01250769  0.02350859 -0.43590000  0.57370000  0.04410296  0.33095982
1 -1 -1 -1
-0.20380000 0.11510000 0.48322001 -0.43590000 0.57370000 0.72090006 -0.42710000  0.28990000 -0.15553333  0.23333382 -0.00140000  0.27090000  0.05713827  0.07507664 -0.01120000  0.21360000  0.03646235  0.05917862 -0.45610000  0.53030000 -0.03312037  0.37732090
1 -1 -1 -1
-0.26630000 0.10720000 0.84010639 -0.45610000 0.53030000 0.63397236 -0.45360000  0.37340000 -0.07187063  0.28209054 -0.00550000  0.15330000  0.01540769  0.03291947  0.00640000  0.16970000  0.03324825  0.04205374 -0.41490000  0.51910000  0.02382517  0.34786511
1 -1 -1 -1
-0.19250000 0.11760000 0.64898720 -0.41490000 0.51910000 0.63802357 -0.41110000  0.34410000 -0.16788958  0.26070950 -0.00780000  0.29730000  0.04231111  0.08095936  0.00400000  0.08970000  0.02223889  0.01623994 -0.44560000  0.53270000  0.09922639  0.31980800
1 -1 -1 -1
-0.32350000 0.11170000 1.00000000 -0.44560000 0.53270000 0.65827646 -0.44460000  0.20520000 -0.24038514  0.20974457 -0.01480000  0.35800000  0.07302770  0.10253263  0.00270000  0.13980000  0.02263919  0.03037046 -0.43180000  0.50720000  0.06645946  0.32856129
1 -1 -1 -1
-0.38940000 0.08540000 0.88683395 -0.43180000 0.50720000 0.63789082 -0.43020000  0.39150000 -0.19965972  0.27140649 -0.00180000  0.31800000  0.05948750  0.08775625  0.00240000  0.22820000  0.04951458  0.05783500 -0.40660000  0.50560000 -0.01310972  0.34490378
1 -1 -1 -1
-0.17940000 0.07680000 0.50007038 -0.40660000 0.50560000 0.62523718 -0.40640000  0.29360000 -0.15240638  0.21288869 -0.00890000  0.26930000  0.05292128  0.07765271 -0.00440000  0.10730000  0.02338794  0.02513403 -0.43460000  0.52260000  0.08357943  0.31814253
1 -1 -1 -1
-0.24010000 0.09760000 0.68941841 -0.43460000 0.52260000 0.68387842 -0.42930000  0.07610000 -0.23090649  0.16557679 -0.00470000  0.30220000  0.08638312  0.09080205 -0.00600000  0.07390000  0.01414286  0.01555740 -0.45810000  0.49390000  0.05654740  0.31982347
1 -1 -1 -1
-0.24120000 0.12370000 0.68929682 -0.45810000 0.49390000 0.70304117 -0.45790000  0.31690000 -0.17629873  0.22362326 -0.02340000  0.31690000  0.04602405  0.08172033  0.00730000  0.13600000  0.03117722  0.02557625 -0.42050000  0.51650000  0.02032025  0.35134934
1 -1 -1 -1
-0.22930000 0.08380000 0.88776321 -0.42050000 0.51650000 0.66742516 -0.41820000  0.29890000 -0.14267200  0.22370698  0.00500000  0.23680000  0.05345933  0.06782532  0.00150000  0.10910000  0.01742200  0.02345262 -0.40750000  0.48310000  0.08678200  0.29470119
1 -1 -1 -1
-0.20680000 0.11990000 0.48358040 -0.40750000 0.48310000 0.69511404 -0.40450000  0.17840000 -0.23892372  0.19543615 -0.00130000  0.33240000  0.08330577  0.10470295  0.00010000  0.10260000  0.01856603  0.02067006 -0.41840000  0.50630000  0.06262372  0.31172335
1 -1 -1 -1
-0.21400000 0.11120000 0.68123083 -0.41840000 0.50630000 0.69547319 -0.41710000  0.29590000 -0.19598280  0.22438173 -0.00420000  0.34580000  0.06897006  0.10372954 -0.00450000  0.09330000  0.01459745  0.01913085 -0.44350000  0.50650000  0.06785287  0.32054069
1 -1 -1 -1
-0.24830000 0.10550000 0.63424959 -0.44350000 0.50650000 0.67914715 -0.44130000  0.35040000 -0.18466382  0.27758629 -0.00910000  0.25620000  0.04712039  0.07589882 -0.00790000  0.12170000  0.01895000  0.02815461 -0.45530000  0.48610000  0.06096447  0.32552048
1 -1 -1 -1
-0.18970000 0.09550000 0.88829718 -0.45530000 0.48610000 0.67533722 -0.45140000  0.33430000 -0.18821645  0.22200378 -0.00530000  0.33090000  0.06466842  0.09088189 -0.00360000  0.11720000  0.02351579  0.02704554 -0.46600000  0.49620000  0.05697105  0.34187494
1 -1 -1 -1
-0.22260000 0.09670000 0.43475676 -0.46600000 0.49620000 0.66652365 -0.46100000  0.31380000 -0.19635235  0.21707610 -0.00070000  0.32840000  0.06636242  0.10109775  0.00000000  0.12330000  0.02364430  0.03011681 -0.45680000  0.48430000  0.06915638  0.33398273
1 -1 -1 -1
-0.20290000 0.09820000 0.87188845 -0.45680000 0.48430000 0.72074442 -0.45500000  0.39090000 -0.18094568  0.28157160 -0.01320000  0.28290000  0.04332469  0.07694762 -0.00140000  0.28720000  0.05037901  0.07288299 -0.44740000  0.52410000 -0.07500309  0.36815350
1 -1 -1 -1
-0.28940000 0.11250000 0.64166317 -0.44740000 0.52410000 0.60907841 -0.44470000  0.35210000 -0.03102701  0.25180984 -0.00650000  0.11830000  0.01782774  0.02741899  0.00240000  0.18130000  0.03760657  0.04692847 -0.46850000  0.49480000  0.06867737  0.33520859
1 -1 -1 -1
-0.17590000 0.14100000 0.63448162 -0.46850000 0.49480000 0.69181471 -0.46570000  0.29900000 -0.17665256  0.24552175 -0.00590000  0.25810000  0.03718910  0.06416839  0.00300000  0.32820000  0.06625256  0.08981200 -0.46800000  0.49270000 -0.07541538  0.36618190
1 -1 -1 -1
-0.23580000 0.11200000 1.00000000 -0.46800000 0.49270000 0.63347044 -0.46520000  0.35230000 -0.05284476  0.26623267 -0.00280000  0.14610000  0.01345385  0.02365691  0.00800000  0.30150000  0.06669161  0.07768632 -0.48900000  0.49190000 -0.06411049  0.37765474
1 -1 -1 -1
-0.19930000 0.10560000 0.66555681 -0.48900000 0.49190000 0.66289043 -0.48830000  0.34980000 -0.07333423  0.28811346 -0.00220000  0.08480000  0.01182349  0.01863334  0.00230000  0.53140000  0.11748993  0.14948279 -0.43870000  0.53130000 -0.16548255  0.33543207
1 -1 -1 -1
-0.20160000 0.09240000 0.43601599 -0.43870000 0.53140000 0.58419313 -0.43520000  0.48620000  0.00194091  0.26426521 -0.01430000  0.05360000  0.00087576  0.01046890 -0.00880000  0.28570000  0.06272803  0.08015176 -0.46620000  0.52120000 -0.00183712  0.36979910
1 -1 -1 -1
-0.35760000 0.13550000 1.00000000 -0.46620000 0.52120000 0.63834925 -0.46380000  0.44180000 -0.14068542  0.30723784 -0.00360000  0.21990000  0.03773750  0.06163631  0.00310000  0.25890000  0.05382361  0.06454970 -0.42930000  0.47540000 -0.02597431  0.34673356
1 -1 -1 -1